# table produced by calculations.DamageProfiler
# using mapped file MSW-2765_SCR_1_rmdup.bam
# Sample ID: MSW-2765_SCR_1_rmdup.bam
Chr	End	Std	Pos	A	C	G	T	Total	G>A	C>T	A>G	T>C	A>C	A>T	C>G	C>A	T>G	T>A	G>C	G>T	A>-	T>-	C>-	G>-	->A	->T	->C	->G	S
fwd	3p	+	1	311984.0	291437.0	149383.0	542738.0	1295542.0	507.0	88394.0	293.0	364.0	145.0	313.0	98.0	169.0	142.0	218.0	105.0	397.0	0.0	0.0	0.0	0.0	0.0	0.0	0.0	0.0	0.0
fwd	3p	+	2	438568.0	271628.0	245562.0	339784.0	1295542.0	497.0	52540.0	352.0	224.0	237.0	309.0	156.0	281.0	262.0	225.0	106.0	708.0	0.0	0.0	0.0	0.0	0.0	0.0	0.0	0.0	0.0
fwd	3p	+	3	413722.0	237020.0	257255.0	387542.0	1295539.0	411.0	28658.0	332.0	211.0	153.0	336.0	115.0	257.0	164.0	199.0	79.0	1030.0	0.0	0.0	0.0	0.0	1.0	0.0	0.0	1.0	0.0
fwd	3p	+	4	438557.0	229798.0	251819.0	375363.0	1295537.0	390.0	17774.0	299.0	222.0	170.0	281.0	92.0	247.0	169.0	186.0	69.0	931.0	0.0	0.0	0.0	0.0	1.0	0.0	0.0	3.0	0.0
fwd	3p	+	5	422937.0	227904.0	249715.0	394974.0	1295530.0	315.0	13372.0	237.0	200.0	124.0	233.0	85.0	214.0	162.0	150.0	62.0	780.0	0.0	0.0	0.0	0.0	4.0	0.0	3.0	1.0	0.0
fwd	3p	+	6	426428.0	231944.0	255998.0	381116.0	1295486.0	370.0	10635.0	279.0	189.0	119.0	224.0	79.0	206.0	127.0	163.0	68.0	713.0	0.0	0.0	0.0	0.0	17.0	0.0	17.0	15.0	0.0
fwd	3p	+	7	397588.0	250707.0	239019.0	408170.0	1295484.0	352.0	9876.0	243.0	233.0	144.0	197.0	72.0	185.0	126.0	110.0	61.0	638.0	0.0	0.0	0.0	0.0	21.0	0.0	11.0	14.0	0.0
fwd	3p	+	8	397076.0	249968.0	238584.0	409862.0	1295490.0	356.0	10298.0	250.0	227.0	149.0	220.0	71.0	169.0	106.0	115.0	67.0	644.0	0.0	0.0	0.0	0.0	20.0	0.0	12.0	11.0	0.0
fwd	3p	+	9	388780.0	252310.0	239116.0	415295.0	1295501.0	337.0	10776.0	228.0	215.0	149.0	165.0	62.0	175.0	92.0	124.0	67.0	667.0	0.0	0.0	0.0	0.0	9.0	0.0	7.0	8.0	0.0
fwd	3p	+	10	388386.0	253574.0	237173.0	416360.0	1295493.0	379.0	11381.0	215.0	224.0	127.0	189.0	70.0	150.0	120.0	115.0	60.0	593.0	0.0	0.0	0.0	0.0	7.0	0.0	9.0	9.0	0.0
fwd	3p	+	11	386978.0	255973.0	237126.0	415419.0	1295496.0	329.0	11799.0	229.0	194.0	129.0	220.0	67.0	152.0	118.0	97.0	58.0	623.0	0.0	0.0	0.0	0.0	17.0	0.0	3.0	8.0	0.0
fwd	3p	+	12	390505.0	253054.0	238168.0	413768.0	1295495.0	305.0	11671.0	225.0	187.0	127.0	165.0	74.0	160.0	94.0	103.0	50.0	628.0	0.0	0.0	0.0	0.0	23.0	0.0	2.0	7.0	0.0
fwd	3p	+	13	388664.0	255227.0	236585.0	415005.0	1295481.0	323.0	11767.0	247.0	194.0	105.0	149.0	61.0	132.0	120.0	129.0	67.0	565.0	0.0	0.0	0.0	0.0	16.0	0.0	8.0	12.0	0.0
fwd	3p	+	14	389861.0	255057.0	236352.0	414198.0	1295468.0	327.0	11608.0	232.0	241.0	109.0	189.0	58.0	154.0	108.0	100.0	57.0	595.0	0.0	0.0	0.0	0.0	26.0	0.0	9.0	9.0	0.0
fwd	3p	+	15	389137.0	256121.0	235679.0	414524.0	1295461.0	304.0	11550.0	239.0	230.0	90.0	161.0	71.0	155.0	92.0	111.0	59.0	577.0	0.0	0.0	0.0	0.0	30.0	0.0	7.0	6.0	0.0
fwd	3p	+	16	387653.0	257074.0	237394.0	413337.0	1295458.0	312.0	11413.0	238.0	194.0	115.0	146.0	69.0	147.0	90.0	108.0	44.0	576.0	0.0	0.0	0.0	0.0	31.0	0.0	10.0	7.0	0.0
fwd	3p	+	17	388016.0	256551.0	236379.0	414511.0	1295457.0	331.0	11211.0	239.0	212.0	104.0	148.0	65.0	129.0	113.0	100.0	53.0	636.0	0.0	0.0	0.0	0.0	32.0	0.0	2.0	11.0	0.0
fwd	3p	+	18	388619.0	254000.0	239707.0	413123.0	1295449.0	303.0	11051.0	236.0	204.0	88.0	124.0	57.0	138.0	102.0	109.0	61.0	625.0	0.0	0.0	0.0	0.0	32.0	0.0	12.0	11.0	0.0
fwd	3p	+	19	388105.0	254321.0	238225.0	414786.0	1295437.0	326.0	10995.0	248.0	212.0	88.0	146.0	51.0	118.0	92.0	102.0	73.0	629.0	0.0	0.0	0.0	0.0	38.0	0.0	5.0	6.0	0.0
fwd	3p	+	20	387995.0	254315.0	237461.0	415649.0	1295420.0	319.0	11158.0	237.0	209.0	82.0	131.0	65.0	171.0	94.0	95.0	69.0	661.0	0.0	0.0	0.0	0.0	48.0	0.0	7.0	9.0	0.0
fwd	3p	+	21	387822.0	254494.0	236259.0	416859.0	1295434.0	300.0	11034.0	217.0	207.0	89.0	126.0	66.0	124.0	82.0	99.0	60.0	662.0	0.0	0.0	0.0	0.0	34.0	0.0	6.0	10.0	0.0
fwd	3p	+	22	386945.0	255774.0	235692.0	416991.0	1295402.0	298.0	11517.0	198.0	222.0	92.0	139.0	61.0	122.0	89.0	118.0	53.0	627.0	0.0	0.0	0.0	0.0	49.0	0.0	13.0	7.0	0.0
fwd	3p	+	23	389114.0	253880.0	235736.0	416667.0	1295397.0	302.0	11819.0	233.0	204.0	89.0	151.0	51.0	125.0	98.0	98.0	46.0	597.0	0.0	0.0	0.0	0.0	50.0	0.0	4.0	9.0	0.0
fwd	3p	+	24	386981.0	255185.0	237521.0	415708.0	1295395.0	313.0	11604.0	212.0	211.0	97.0	128.0	51.0	120.0	79.0	101.0	62.0	612.0	0.0	0.0	0.0	0.0	53.0	0.0	8.0	5.0	0.0
fwd	3p	+	25	382205.0	257829.0	237608.0	417778.0	1295420.0	335.0	12018.0	213.0	206.0	82.0	124.0	48.0	108.0	83.0	89.0	51.0	642.0	0.0	0.0	0.0	0.0	47.0	0.0	9.0	6.0	0.0
fwd	3p	+	26	377029.0	260762.0	237476.0	420136.0	1295403.0	316.0	12363.0	234.0	254.0	86.0	125.0	61.0	142.0	74.0	113.0	60.0	706.0	0.0	0.0	0.0	0.0	47.0	0.0	8.0	7.0	0.0
fwd	3p	+	27	373207.0	261765.0	239104.0	421318.0	1295394.0	317.0	12567.0	210.0	223.0	100.0	126.0	59.0	136.0	84.0	117.0	59.0	680.0	0.0	0.0	0.0	0.0	49.0	0.0	6.0	9.0	0.0
fwd	3p	+	28	367193.0	264995.0	238199.0	425009.0	1295396.0	314.0	13528.0	207.0	202.0	83.0	137.0	69.0	115.0	75.0	133.0	52.0	727.0	0.0	0.0	0.0	0.0	53.0	0.0	13.0	12.0	0.0
fwd	3p	+	29	363971.0	265231.0	235723.0	430483.0	1295408.0	308.0	15527.0	247.0	245.0	89.0	115.0	50.0	137.0	78.0	129.0	57.0	777.0	0.0	0.0	0.0	0.0	46.0	0.0	4.0	7.0	0.0
fwd	3p	+	30	352779.0	269959.0	233375.0	439312.0	1295425.0	321.0	20906.0	248.0	257.0	84.0	123.0	66.0	153.0	77.0	120.0	56.0	812.0	0.0	0.0	0.0	0.0	39.0	0.0	7.0	8.0	0.0
fwd	3p	+	31	330300.0	254634.0	219420.0	415926.0	1220280.0	291.0	20019.0	218.0	206.0	77.0	134.0	63.0	153.0	97.0	105.0	60.0	669.0	0.0	0.0	0.0	0.0	41.0	0.0	7.0	9.0	0.0
fwd	3p	+	32	309383.0	241181.0	205025.0	391118.0	1146707.0	293.0	19231.0	214.0	206.0	66.0	118.0	45.0	112.0	82.0	106.0	55.0	685.0	0.0	0.0	0.0	0.0	33.0	0.0	5.0	9.0	0.0
fwd	3p	+	33	290024.0	224671.0	192855.0	368784.0	1076334.0	284.0	17951.0	218.0	174.0	72.0	108.0	58.0	132.0	75.0	101.0	55.0	672.0	0.0	0.0	0.0	0.0	31.0	0.0	4.0	1.0	0.0
fwd	3p	+	34	271262.0	210532.0	179764.0	347025.0	1008583.0	283.0	17272.0	193.0	183.0	58.0	105.0	47.0	121.0	82.0	101.0	41.0	606.0	0.0	0.0	0.0	0.0	46.0	0.0	3.0	7.0	0.0
fwd	3p	+	35	254301.0	197624.0	169018.0	323435.0	944378.0	264.0	16312.0	172.0	171.0	77.0	115.0	41.0	99.0	81.0	91.0	35.0	618.0	0.0	0.0	0.0	0.0	48.0	0.0	3.0	6.0	0.0
fwd	3p	+	36	237930.0	184839.0	156910.0	304022.0	883701.0	249.0	15639.0	193.0	163.0	59.0	101.0	41.0	110.0	54.0	96.0	50.0	571.0	0.0	0.0	0.0	0.0	27.0	0.0	9.0	3.0	0.0
fwd	3p	+	37	221627.0	173301.0	146199.0	284942.0	826069.0	245.0	15230.0	193.0	178.0	56.0	92.0	44.0	85.0	54.0	79.0	33.0	524.0	0.0	0.0	0.0	0.0	39.0	0.0	6.0	5.0	0.0
fwd	3p	+	38	205037.0	161252.0	137432.0	267342.0	771063.0	259.0	14895.0	163.0	130.0	46.0	83.0	42.0	93.0	56.0	80.0	31.0	489.0	0.0	0.0	0.0	0.0	29.0	0.0	7.0	2.0	0.0
fwd	3p	+	39	191863.0	150339.0	126688.0	247955.0	716845.0	212.0	14050.0	123.0	132.0	59.0	76.0	27.0	90.0	55.0	68.0	31.0	451.0	0.0	0.0	0.0	0.0	13.0	0.0	3.0	0.0	0.0
fwd	3p	+	40	178155.0	139505.0	117753.0	229949.0	665362.0	206.0	12730.0	140.0	132.0	33.0	55.0	30.0	67.0	53.0	65.0	31.0	419.0	0.0	0.0	0.0	0.0	17.0	0.0	2.0	2.0	0.0
fwd	3p	+	41	163879.0	130155.0	108985.0	214292.0	617311.0	202.0	11924.0	119.0	119.0	48.0	78.0	36.0	80.0	47.0	74.0	18.0	389.0	0.0	0.0	0.0	0.0	17.0	0.0	7.0	3.0	0.0
fwd	3p	+	42	152666.0	120558.0	100993.0	197776.0	571993.0	180.0	11091.0	111.0	95.0	52.0	64.0	22.0	72.0	37.0	75.0	22.0	393.0	0.0	0.0	0.0	0.0	27.0	0.0	4.0	6.0	0.0
fwd	3p	+	43	141436.0	111014.0	93338.0	184080.0	529868.0	189.0	10079.0	109.0	77.0	41.0	64.0	20.0	75.0	37.0	70.0	24.0	366.0	0.0	0.0	0.0	0.0	21.0	0.0	3.0	3.0	0.0
fwd	3p	+	44	130488.0	102455.0	86626.0	171467.0	491036.0	151.0	9385.0	94.0	94.0	36.0	51.0	27.0	62.0	47.0	50.0	19.0	275.0	0.0	0.0	0.0	0.0	21.0	0.0	2.0	2.0	0.0
fwd	3p	+	45	120938.0	95102.0	80151.0	158338.0	454529.0	168.0	8637.0	94.0	83.0	35.0	65.0	19.0	48.0	25.0	49.0	28.0	278.0	0.0	0.0	0.0	0.0	22.0	0.0	1.0	4.0	0.0
fwd	3p	+	46	110923.0	88561.0	74210.0	147006.0	420700.0	144.0	8092.0	90.0	76.0	26.0	36.0	22.0	50.0	37.0	67.0	28.0	272.0	0.0	0.0	0.0	0.0	22.0	0.0	4.0	1.0	0.0
fwd	3p	+	47	102836.0	81526.0	68540.0	136433.0	389335.0	195.0	7313.0	97.0	97.0	33.0	44.0	13.0	45.0	25.0	59.0	14.0	240.0	0.0	0.0	0.0	0.0	13.0	0.0	2.0	1.0	0.0
fwd	3p	+	48	95512.0	75441.0	63802.0	125570.0	360325.0	233.0	7084.0	68.0	55.0	20.0	48.0	12.0	66.0	27.0	56.0	17.0	221.0	0.0	0.0	0.0	0.0	12.0	0.0	1.0	2.0	0.0
fwd	3p	+	49	88198.0	70115.0	58487.0	116255.0	333055.0	366.0	6657.0	67.0	62.0	24.0	37.0	17.0	60.0	31.0	41.0	17.0	208.0	0.0	0.0	0.0	0.0	7.0	0.0	1.0	1.0	0.0
fwd	3p	+	50	81035.0	64268.0	54167.0	108608.0	308078.0	606.0	6359.0	53.0	70.0	21.0	23.0	13.0	47.0	35.0	50.0	17.0	204.0	0.0	0.0	0.0	0.0	9.0	0.0	0.0	0.0	0.0
fwd	3p	+	51	75221.0	59037.0	49887.0	99232.0	283377.0	927.0	6166.0	44.0	51.0	22.0	29.0	14.0	30.0	20.0	48.0	14.0	205.0	0.0	0.0	0.0	0.0	4.0	0.0	3.0	0.0	0.0
fwd	3p	+	52	61882.0	49592.0	41543.0	83328.0	236345.0	29.0	4760.0	46.0	49.0	18.0	16.0	13.0	74.0	41.0	148.0	16.0	143.0	0.0	0.0	0.0	0.0	6.0	0.0	1.0	3.0	0.0
fwd	3p	+	53	57583.0	44993.0	38167.0	76004.0	216747.0	29.0	4312.0	50.0	34.0	18.0	17.0	14.0	46.0	26.0	141.0	10.0	143.0	0.0	0.0	0.0	0.0	3.0	0.0	0.0	0.0	0.0
fwd	3p	+	54	52763.0	41749.0	35033.0	69238.0	198783.0	30.0	3987.0	30.0	27.0	15.0	19.0	13.0	61.0	36.0	143.0	10.0	132.0	0.0	0.0	0.0	0.0	6.0	0.0	1.0	1.0	0.0
fwd	3p	+	55	48397.0	38412.0	31996.0	63485.0	182290.0	34.0	3632.0	38.0	35.0	8.0	18.0	11.0	49.0	32.0	109.0	9.0	118.0	0.0	0.0	0.0	0.0	7.0	0.0	0.0	0.0	0.0
fwd	3p	+	56	44426.0	34877.0	29388.0	58299.0	166990.0	23.0	3254.0	44.0	41.0	15.0	11.0	9.0	47.0	29.0	95.0	7.0	119.0	0.0	0.0	0.0	0.0	3.0	0.0	1.0	1.0	0.0
fwd	3p	+	57	40181.0	32284.0	26779.0	54038.0	153282.0	33.0	3132.0	33.0	23.0	17.0	15.0	5.0	50.0	33.0	97.0	9.0	106.0	0.0	0.0	0.0	0.0	5.0	0.0	1.0	1.0	0.0
fwd	3p	+	58	36948.0	29601.0	24690.0	49356.0	140595.0	22.0	2759.0	24.0	16.0	23.0	6.0	5.0	39.0	26.0	105.0	5.0	96.0	0.0	0.0	0.0	0.0	3.0	0.0	0.0	0.0	0.0
fwd	3p	+	59	33948.0	27113.0	22648.0	44991.0	128700.0	12.0	2609.0	32.0	22.0	5.0	8.0	11.0	43.0	23.0	87.0	12.0	84.0	0.0	0.0	0.0	0.0	3.0	0.0	2.0	1.0	0.0
fwd	3p	+	60	30977.0	24942.0	20874.0	41144.0	117937.0	23.0	2393.0	24.0	32.0	9.0	7.0	10.0	42.0	13.0	69.0	2.0	73.0	0.0	0.0	0.0	0.0	1.0	0.0	0.0	2.0	0.0
fwd	3p	+	61	28291.0	22569.0	18935.0	38225.0	108020.0	27.0	2101.0	19.0	23.0	5.0	10.0	5.0	32.0	20.0	63.0	2.0	75.0	0.0	0.0	0.0	0.0	4.0	0.0	1.0	0.0	0.0
fwd	3p	+	62	26114.0	20742.0	17457.0	34631.0	98944.0	11.0	2043.0	22.0	19.0	9.0	4.0	8.0	33.0	21.0	57.0	8.0	74.0	0.0	0.0	0.0	0.0	3.0	0.0	0.0	1.0	0.0
fwd	3p	+	63	23715.0	18968.0	15870.0	31912.0	90465.0	13.0	1931.0	12.0	15.0	11.0	11.0	6.0	34.0	13.0	57.0	4.0	65.0	0.0	0.0	0.0	0.0	2.0	0.0	0.0	0.0	0.0
fwd	3p	+	64	21481.0	17539.0	14545.0	29219.0	82784.0	15.0	1761.0	15.0	12.0	7.0	6.0	8.0	21.0	13.0	59.0	6.0	50.0	0.0	0.0	0.0	0.0	0.0	0.0	1.0	0.0	0.0
fwd	3p	+	65	19751.0	15959.0	13255.0	26391.0	75356.0	20.0	1636.0	20.0	12.0	6.0	6.0	3.0	17.0	13.0	41.0	9.0	45.0	0.0	0.0	0.0	0.0	2.0	0.0	0.0	1.0	0.0
fwd	3p	+	66	17910.0	14371.0	12234.0	24066.0	68581.0	9.0	1372.0	19.0	12.0	1.0	5.0	4.0	30.0	11.0	42.0	3.0	48.0	0.0	0.0	0.0	0.0	2.0	0.0	1.0	0.0	0.0
fwd	3p	+	67	16315.0	13229.0	11026.0	21811.0	62381.0	15.0	1359.0	16.0	11.0	6.0	3.0	1.0	19.0	14.0	34.0	5.0	41.0	0.0	0.0	0.0	0.0	4.0	0.0	1.0	0.0	0.0
fwd	3p	+	68	14934.0	11859.0	9927.0	20120.0	56840.0	13.0	1236.0	9.0	10.0	6.0	5.0	2.0	9.0	7.0	44.0	5.0	42.0	0.0	0.0	0.0	0.0	1.0	0.0	2.0	0.0	0.0
fwd	3p	+	69	13254.0	10971.0	9087.0	18340.0	51652.0	7.0	1099.0	12.0	8.0	5.0	7.0	1.0	16.0	14.0	31.0	4.0	41.0	0.0	0.0	0.0	0.0	3.0	0.0	0.0	0.0	0.0
fwd	3p	+	70	12174.0	10002.0	8081.0	16513.0	46770.0	8.0	1079.0	15.0	7.0	5.0	4.0	2.0	17.0	5.0	27.0	3.0	26.0	0.0	0.0	0.0	0.0	2.0	0.0	0.0	1.0	0.0
fwd	3p	+	71	10834.0	9073.0	7494.0	14920.0	42321.0	9.0	946.0	11.0	9.0	5.0	4.0	1.0	6.0	5.0	39.0	4.0	38.0	0.0	0.0	0.0	0.0	1.0	0.0	0.0	0.0	0.0
fwd	3p	+	72	9831.0	8168.0	6833.0	13409.0	38241.0	5.0	840.0	6.0	6.0	2.0	4.0	2.0	6.0	4.0	31.0	4.0	38.0	0.0	0.0	0.0	0.0	3.0	0.0	0.0	0.0	0.0
fwd	3p	+	73	8709.0	7444.0	5980.0	12287.0	34420.0	2.0	787.0	10.0	7.0	4.0	4.0	2.0	10.0	4.0	19.0	3.0	27.0	0.0	0.0	0.0	0.0	1.0	0.0	1.0	0.0	0.0
fwd	3p	+	74	7975.0	6595.0	5399.0	10951.0	30920.0	3.0	676.0	7.0	5.0	2.0	2.0	2.0	11.0	6.0	18.0	4.0	22.0	0.0	0.0	0.0	0.0	1.0	0.0	1.0	0.0	0.0
fwd	3p	+	75	7047.0	5886.0	4842.0	9955.0	27730.0	1.0	552.0	4.0	9.0	2.0	4.0	0.0	8.0	2.0	18.0	2.0	16.0	0.0	0.0	0.0	0.0	2.0	0.0	0.0	0.0	0.0
fwd	3p	+	76	6258.0	5278.0	4358.0	9052.0	24946.0	3.0	568.0	5.0	5.0	1.0	4.0	2.0	7.0	4.0	16.0	4.0	13.0	0.0	0.0	0.0	0.0	2.0	0.0	0.0	0.0	0.0
fwd	3p	+	77	5624.0	4739.0	3820.0	8109.0	22292.0	4.0	490.0	10.0	1.0	2.0	0.0	0.0	6.0	2.0	16.0	1.0	18.0	0.0	0.0	0.0	0.0	1.0	0.0	0.0	0.0	0.0
fwd	3p	+	78	4933.0	4282.0	3450.0	7057.0	19722.0	3.0	470.0	5.0	2.0	2.0	2.0	2.0	7.0	0.0	20.0	0.0	16.0	0.0	0.0	0.0	0.0	1.0	0.0	0.0	1.0	0.0
fwd	3p	+	79	4427.0	3829.0	2981.0	6184.0	17421.0	1.0	428.0	2.0	6.0	1.0	4.0	0.0	5.0	1.0	23.0	0.0	12.0	0.0	0.0	0.0	0.0	1.0	0.0	0.0	0.0	0.0
fwd	3p	+	80	3775.0	3396.0	2662.0	5491.0	15324.0	4.0	383.0	1.0	2.0	1.0	1.0	1.0	5.0	4.0	13.0	1.0	10.0	0.0	0.0	0.0	0.0	1.0	0.0	0.0	0.0	0.0
fwd	3p	+	81	3316.0	2857.0	2331.0	4886.0	13390.0	2.0	322.0	1.0	1.0	1.0	1.0	3.0	9.0	0.0	9.0	1.0	5.0	0.0	0.0	0.0	0.0	1.0	0.0	0.0	0.0	0.0
fwd	3p	+	82	2767.0	2557.0	2078.0	4222.0	11624.0	2.0	304.0	2.0	4.0	3.0	1.0	0.0	0.0	0.0	9.0	0.0	13.0	0.0	0.0	0.0	0.0	0.0	0.0	1.0	0.0	0.0
fwd	3p	+	83	2399.0	2154.0	1713.0	3692.0	9958.0	1.0	279.0	3.0	0.0	0.0	1.0	0.0	2.0	3.0	11.0	1.0	5.0	0.0	0.0	0.0	0.0	0.0	0.0	0.0	0.0	0.0
fwd	3p	+	84	1977.0	1811.0	1459.0	3144.0	8391.0	1.0	217.0	1.0	1.0	2.0	1.0	0.0	6.0	0.0	7.0	2.0	1.0	0.0	0.0	0.0	0.0	0.0	0.0	0.0	0.0	0.0
fwd	3p	+	85	1630.0	1543.0	1221.0	2681.0	7075.0	2.0	192.0	6.0	1.0	2.0	0.0	0.0	2.0	3.0	5.0	0.0	3.0	0.0	0.0	0.0	0.0	1.0	0.0	0.0	0.0	0.0
fwd	3p	+	86	1248.0	1351.0	1011.0	2182.0	5792.0	0.0	203.0	1.0	0.0	0.0	1.0	0.0	5.0	1.0	4.0	0.0	4.0	0.0	0.0	0.0	0.0	0.0	0.0	0.0	0.0	0.0
fwd	3p	+	87	1047.0	1007.0	782.0	1793.0	4629.0	0.0	160.0	0.0	0.0	1.0	2.0	0.0	2.0	2.0	4.0	0.0	4.0	0.0	0.0	0.0	0.0	1.0	0.0	0.0	0.0	0.0
fwd	3p	+	88	747.0	808.0	578.0	1440.0	3573.0	1.0	141.0	0.0	1.0	0.0	0.0	2.0	2.0	0.0	2.0	0.0	4.0	0.0	0.0	0.0	0.0	0.0	0.0	0.0	0.0	0.0
fwd	3p	+	89	531.0	605.0	404.0	983.0	2523.0	0.0	122.0	2.0	0.0	1.0	1.0	0.0	1.0	0.0	1.0	0.0	2.0	0.0	0.0	0.0	0.0	0.0	0.0	0.0	0.0	0.0
fwd	3p	+	90	321.0	358.0	250.0	694.0	1623.0	0.0	84.0	0.0	1.0	0.0	0.0	0.0	1.0	0.0	2.0	0.0	3.0	0.0	0.0	0.0	0.0	0.0	0.0	0.0	0.0	0.0
fwd	3p	+	91	103.0	177.0	127.0	373.0	780.0	0.0	50.0	0.0	0.0	0.0	0.0	0.0	0.0	0.0	0.0	0.0	0.0	0.0	0.0	0.0	0.0	0.0	0.0	0.0	0.0	0.0
fwd	3p	+	92	0.0	0.0	0.0	0.0	0.0	0.0	0.0	0.0	0.0	0.0	0.0	0.0	0.0	0.0	0.0	0.0	0.0	0.0	0.0	0.0	0.0	0.0	0.0	0.0	0.0	0.0
fwd	3p	+	93	0.0	0.0	0.0	0.0	0.0	0.0	0.0	0.0	0.0	0.0	0.0	0.0	0.0	0.0	0.0	0.0	0.0	0.0	0.0	0.0	0.0	0.0	0.0	0.0	0.0	0.0
fwd	3p	+	94	0.0	0.0	0.0	0.0	0.0	0.0	0.0	0.0	0.0	0.0	0.0	0.0	0.0	0.0	0.0	0.0	0.0	0.0	0.0	0.0	0.0	0.0	0.0	0.0	0.0	0.0
fwd	3p	+	95	0.0	0.0	0.0	0.0	0.0	0.0	0.0	0.0	0.0	0.0	0.0	0.0	0.0	0.0	0.0	0.0	0.0	0.0	0.0	0.0	0.0	0.0	0.0	0.0	0.0	0.0
fwd	3p	+	96	0.0	0.0	0.0	0.0	0.0	0.0	0.0	0.0	0.0	0.0	0.0	0.0	0.0	0.0	0.0	0.0	0.0	0.0	0.0	0.0	0.0	0.0	0.0	0.0	0.0	0.0
fwd	3p	+	97	0.0	0.0	0.0	0.0	0.0	0.0	0.0	0.0	0.0	0.0	0.0	0.0	0.0	0.0	0.0	0.0	0.0	0.0	0.0	0.0	0.0	0.0	0.0	0.0	0.0	0.0
fwd	3p	+	98	0.0	0.0	0.0	0.0	0.0	0.0	0.0	0.0	0.0	0.0	0.0	0.0	0.0	0.0	0.0	0.0	0.0	0.0	0.0	0.0	0.0	0.0	0.0	0.0	0.0	0.0
fwd	3p	+	99	0.0	0.0	0.0	0.0	0.0	0.0	0.0	0.0	0.0	0.0	0.0	0.0	0.0	0.0	0.0	0.0	0.0	0.0	0.0	0.0	0.0	0.0	0.0	0.0	0.0	0.0
fwd	3p	+	100	0.0	0.0	0.0	0.0	0.0	0.0	0.0	0.0	0.0	0.0	0.0	0.0	0.0	0.0	0.0	0.0	0.0	0.0	0.0	0.0	0.0	0.0	0.0	0.0	0.0	0.0
rev	3p	-	1	312081.0	292502.0	148901.0	540004.0	1293488.0	535.0	88667.0	266.0	306.0	132.0	335.0	79.0	209.0	115.0	205.0	104.0	377.00.0	0.0	0.0	0.0	0.0	0.0	0.0	0.0	0.0
rev	3p	-	2	438870.0	270747.0	244937.0	338923.0	1293477.0	477.0	52801.0	411.0	217.0	285.0	304.0	130.0	278.0	226.0	275.0	89.0	633.00.0	0.0	0.0	0.0	4.0	0.0	0.0	1.0	0.0
rev	3p	-	3	413264.0	237514.0	256538.0	386133.0	1293449.0	406.0	28508.0	320.0	196.0	177.0	300.0	105.0	256.0	212.0	200.0	77.0	970.00.0	0.0	0.0	0.0	7.0	0.0	2.0	2.0	0.0
rev	3p	-	4	438306.0	229776.0	252300.0	373039.0	1293421.0	386.0	17663.0	312.0	187.0	138.0	266.0	103.0	243.0	178.0	158.0	84.0	891.00.0	0.0	0.0	0.0	28.0	0.0	2.0	5.0	0.0
rev	3p	-	5	423661.0	227217.0	248718.0	393774.0	1293370.0	348.0	13033.0	258.0	201.0	142.0	246.0	87.0	195.0	163.0	116.0	72.0	742.00.0	0.0	0.0	0.0	41.0	0.0	9.0	8.0	0.0
rev	3p	-	6	426734.0	231406.0	255808.0	379373.0	1293321.0	351.0	10484.0	290.0	189.0	135.0	220.0	78.0	200.0	123.0	143.0	61.0	757.00.0	0.0	0.0	0.0	41.0	0.0	12.0	9.0	0.0
rev	3p	-	7	398540.0	249203.0	238707.0	406875.0	1293325.0	312.0	10161.0	232.0	227.0	134.0	201.0	71.0	179.0	130.0	121.0	68.0	674.00.0	0.0	0.0	0.0	41.0	0.0	13.0	9.0	0.0
rev	3p	-	8	396681.0	248999.0	237866.0	409799.0	1293345.0	304.0	10131.0	236.0	206.0	135.0	209.0	77.0	180.0	110.0	107.0	63.0	647.00.0	0.0	0.0	0.0	43.0	0.0	11.0	4.0	0.0
rev	3p	-	9	388267.0	251983.0	238909.0	414164.0	1293323.0	298.0	10612.0	244.0	229.0	120.0	154.0	55.0	183.0	92.0	121.0	63.0	709.00.0	0.0	0.0	0.0	47.0	0.0	9.0	11.0	0.0
rev	3p	-	10	387737.0	252652.0	236806.0	416148.0	1293343.0	287.0	11294.0	252.0	218.0	109.0	193.0	67.0	140.0	101.0	111.0	47.0	600.00.0	0.0	0.0	0.0	48.0	0.0	10.0	9.0	0.0
rev	3p	-	11	387693.0	255402.0	236233.0	414007.0	1293335.0	309.0	11610.0	230.0	220.0	120.0	193.0	70.0	137.0	114.0	114.0	63.0	628.00.0	0.0	0.0	0.0	60.0	0.0	9.0	6.0	0.0
rev	3p	-	12	390077.0	252709.0	238219.0	412343.0	1293348.0	352.0	11544.0	236.0	214.0	126.0	172.0	60.0	146.0	119.0	101.0	43.0	644.00.0	0.0	0.0	0.0	51.0	0.0	10.0	15.0	0.0
rev	3p	-	13	388329.0	255106.0	235145.0	414782.0	1293362.0	297.0	11726.0	252.0	207.0	111.0	136.0	71.0	138.0	114.0	106.0	60.0	633.00.0	0.0	0.0	0.0	54.0	0.0	7.0	6.0	0.0
rev	3p	-	14	390222.0	255155.0	234796.0	413165.0	1293338.0	313.0	11687.0	231.0	236.0	114.0	141.0	77.0	152.0	103.0	97.0	44.0	586.00.0	0.0	0.0	0.0	54.0	0.0	7.0	11.0	0.0
rev	3p	-	15	389806.0	254805.0	234921.0	413807.0	1293339.0	309.0	11398.0	258.0	201.0	111.0	166.0	67.0	160.0	82.0	114.0	52.0	638.00.0	0.0	0.0	0.0	59.0	0.0	6.0	11.0	0.0
rev	3p	-	16	387766.0	256920.0	236466.0	412199.0	1293351.0	326.0	11278.0	205.0	240.0	93.0	147.0	71.0	130.0	100.0	126.0	52.0	588.00.0	0.0	0.0	0.0	50.0	0.0	11.0	5.0	0.0
rev	3p	-	17	388419.0	255756.0	235580.0	413607.0	1293362.0	332.0	11193.0	253.0	204.0	85.0	130.0	62.0	139.0	99.0	96.0	50.0	595.00.0	0.0	0.0	0.0	45.0	0.0	8.0	9.0	0.0
rev	3p	-	18	388679.0	253270.0	238346.0	413077.0	1293372.0	313.0	10907.0	208.0	220.0	57.0	129.0	56.0	162.0	110.0	96.0	51.0	601.00.0	0.0	0.0	0.0	47.0	0.0	7.0	7.0	0.0
rev	3p	-	19	388442.0	254580.0	236578.0	413739.0	1293339.0	296.0	10980.0	239.0	195.0	104.0	133.0	54.0	122.0	99.0	106.0	64.0	612.00.0	0.0	0.0	0.0	53.0	0.0	11.0	5.0	0.0
rev	3p	-	20	388931.0	254659.0	235518.0	414266.0	1293374.0	305.0	11208.0	227.0	248.0	90.0	149.0	66.0	187.0	80.0	85.0	59.0	634.00.0	0.0	0.0	0.0	43.0	0.0	12.0	5.0	0.0
rev	3p	-	21	387102.0	255554.0	235495.0	415224.0	1293375.0	306.0	11302.0	211.0	215.0	104.0	115.0	54.0	123.0	103.0	99.0	43.0	646.00.0	0.0	0.0	0.0	45.0	0.0	9.0	9.0	0.0
rev	3p	-	22	387485.0	254894.0	234838.0	416166.0	1293383.0	334.0	11489.0	202.0	178.0	107.0	133.0	52.0	116.0	85.0	104.0	56.0	584.00.0	0.0	0.0	0.0	36.0	0.0	10.0	13.0	0.0
rev	3p	-	23	389302.0	254216.0	233955.0	415925.0	1293398.0	317.0	11603.0	236.0	225.0	98.0	136.0	51.0	103.0	85.0	122.0	72.0	602.00.0	0.0	0.0	0.0	36.0	0.0	6.0	6.0	0.0
rev	3p	-	24	386875.0	254689.0	237021.0	414816.0	1293401.0	311.0	11726.0	224.0	217.0	95.0	140.0	65.0	117.0	78.0	109.0	54.0	665.00.0	0.0	0.0	0.0	32.0	0.0	6.0	7.0	0.0
rev	3p	-	25	382963.0	256497.0	236133.0	417801.0	1293394.0	298.0	11842.0	227.0	221.0	72.0	125.0	49.0	98.0	78.0	114.0	56.0	621.00.0	0.0	0.0	0.0	31.0	0.0	12.0	13.0	0.0
rev	3p	-	26	377326.0	259912.0	237482.0	418685.0	1293405.0	304.0	12031.0	236.0	224.0	96.0	105.0	59.0	103.0	68.0	98.0	52.0	688.00.0	0.0	0.0	0.0	21.0	0.0	7.0	10.0	0.0
rev	3p	-	27	371939.0	263141.0	238102.0	420235.0	1293417.0	305.0	12553.0	235.0	241.0	84.0	125.0	75.0	134.0	73.0	127.0	68.0	695.00.0	0.0	0.0	0.0	31.0	0.0	0.0	9.0	0.0
rev	3p	-	28	366890.0	265375.0	237104.0	424049.0	1293418.0	288.0	13494.0	263.0	244.0	72.0	108.0	56.0	118.0	93.0	122.0	61.0	631.00.0	0.0	0.0	0.0	23.0	0.0	10.0	3.0	0.0
rev	3p	-	29	363546.0	265208.0	235926.0	428736.0	1293416.0	307.0	15421.0	227.0	243.0	97.0	121.0	56.0	124.0	77.0	126.0	71.0	764.00.0	0.0	0.0	0.0	26.0	0.0	6.0	4.0	0.0
rev	3p	-	30	352246.0	268838.0	233749.0	438598.0	1293431.0	292.0	20713.0	236.0	247.0	93.0	121.0	53.0	126.0	83.0	134.0	64.0	779.00.0	0.0	0.0	0.0	24.0	0.0	9.0	4.0	0.0
rev	3p	-	31	330252.0	254538.0	218434.0	415100.0	1218324.0	290.0	20041.0	224.0	232.0	83.0	111.0	70.0	149.0	93.0	114.0	58.0	799.00.0	0.0	0.0	0.0	17.0	0.0	2.0	5.0	0.0
rev	3p	-	32	309590.0	239480.0	205448.0	390832.0	1145350.0	290.0	19413.0	212.0	196.0	72.0	107.0	58.0	114.0	62.0	124.0	45.0	719.00.0	0.0	0.0	0.0	17.0	0.0	6.0	4.0	0.0
rev	3p	-	33	291514.0	223416.0	192575.0	367590.0	1075095.0	264.0	17925.0	206.0	201.0	82.0	109.0	45.0	113.0	81.0	101.0	38.0	706.00.0	0.0	0.0	0.0	20.0	0.0	6.0	6.0	0.0
rev	3p	-	34	271652.0	209511.0	180085.0	346711.0	1007959.0	276.0	17117.0	194.0	184.0	69.0	109.0	31.0	129.0	57.0	104.0	37.0	626.00.0	0.0	0.0	0.0	21.0	0.0	7.0	2.0	0.0
rev	3p	-	35	254481.0	197389.0	168975.0	323002.0	943847.0	294.0	16263.0	183.0	196.0	52.0	87.0	46.0	93.0	73.0	104.0	47.0	592.00.0	0.0	0.0	0.0	9.0	0.0	10.0	4.0	0.0
rev	3p	-	36	238266.0	184952.0	156397.0	303857.0	883472.0	246.0	15862.0	195.0	176.0	52.0	88.0	49.0	98.0	68.0	100.0	34.0	578.00.0	0.0	0.0	0.0	15.0	0.0	4.0	4.0	0.0
rev	3p	-	37	221129.0	174146.0	146497.0	284226.0	825998.0	253.0	15023.0	145.0	137.0	55.0	90.0	33.0	99.0	54.0	97.0	38.0	560.00.0	0.0	0.0	0.0	13.0	0.0	2.0	6.0	0.0
rev	3p	-	38	205751.0	162303.0	136544.0	266665.0	771263.0	228.0	14939.0	145.0	120.0	60.0	75.0	35.0	87.0	56.0	78.0	38.0	476.00.0	0.0	0.0	0.0	8.0	0.0	0.0	5.0	0.0
rev	3p	-	39	192241.0	150444.0	126961.0	247047.0	716693.0	240.0	13836.0	135.0	150.0	56.0	84.0	36.0	92.0	55.0	82.0	33.0	457.00.0	0.0	0.0	0.0	8.0	0.0	5.0	3.0	0.0
rev	3p	-	40	178241.0	139975.0	117693.0	229626.0	665535.0	244.0	12820.0	143.0	138.0	45.0	57.0	37.0	85.0	36.0	67.0	32.0	472.00.0	0.0	0.0	0.0	11.0	0.0	2.0	3.0	0.0
rev	3p	-	41	164291.0	129950.0	108780.0	214518.0	617539.0	189.0	12046.0	102.0	94.0	49.0	59.0	29.0	70.0	44.0	55.0	30.0	422.00.0	0.0	0.0	0.0	10.0	0.0	4.0	3.0	0.0
rev	3p	-	42	152818.0	119820.0	100591.0	198854.0	572083.0	186.0	11003.0	104.0	85.0	44.0	67.0	26.0	69.0	55.0	62.0	35.0	365.00.0	0.0	0.0	0.0	5.0	0.0	4.0	2.0	0.0
rev	3p	-	43	142207.0	110808.0	93100.0	183988.0	530103.0	188.0	10210.0	115.0	104.0	32.0	49.0	36.0	84.0	42.0	69.0	29.0	339.00.0	0.0	0.0	0.0	14.0	0.0	2.0	2.0	0.0
rev	3p	-	44	131127.0	102205.0	86202.0	171449.0	490983.0	158.0	9500.0	100.0	91.0	42.0	47.0	27.0	65.0	42.0	47.0	21.0	317.00.0	0.0	0.0	0.0	8.0	0.0	5.0	1.0	0.0
rev	3p	-	45	121698.0	95004.0	79987.0	157770.0	454459.0	191.0	8650.0	82.0	70.0	35.0	56.0	24.0	55.0	34.0	69.0	16.0	277.00.0	0.0	0.0	0.0	13.0	0.0	1.0	0.0	0.0
rev	3p	-	46	111749.0	88585.0	73789.0	146813.0	420936.0	181.0	8034.0	98.0	69.0	19.0	37.0	22.0	55.0	39.0	57.0	30.0	253.00.0	0.0	0.0	0.0	10.0	0.0	2.0	3.0	0.0
rev	3p	-	47	103064.0	82167.0	68150.0	136121.0	389502.0	223.0	7434.0	73.0	62.0	32.0	42.0	20.0	58.0	35.0	44.0	13.0	271.00.0	0.0	0.0	0.0	5.0	0.0	2.0	1.0	0.0
rev	3p	-	48	95506.0	75249.0	63676.0	125726.0	360157.0	242.0	6966.0	72.0	76.0	21.0	33.0	9.0	60.0	35.0	46.0	18.0	235.00.0	0.0	0.0	0.0	4.0	0.0	2.0	0.0	0.0
rev	3p	-	49	87995.0	70125.0	58688.0	116350.0	333158.0	334.0	6539.0	59.0	70.0	23.0	28.0	19.0	42.0	37.0	44.0	22.0	225.00.0	0.0	0.0	0.0	4.0	0.0	4.0	0.0	0.0
rev	3p	-	50	80825.0	64342.0	54519.0	107877.0	307563.0	592.0	6314.0	57.0	52.0	24.0	36.0	15.0	52.0	38.0	61.0	13.0	197.00.0	0.0	0.0	0.0	5.0	0.0	2.0	2.0	0.0
rev	3p	-	51	75090.0	59203.0	49600.0	99225.0	283118.0	887.0	6283.0	56.0	43.0	16.0	29.0	12.0	31.0	27.0	46.0	16.0	187.00.0	0.0	0.0	0.0	9.0	0.0	2.0	0.0	0.0
rev	3p	-	52	62416.0	49847.0	41501.0	82634.0	236398.0	43.0	4761.0	41.0	54.0	24.0	16.0	11.0	81.0	39.0	162.0	16.0	171.00.0	0.0	0.0	0.0	7.0	0.0	1.0	2.0	0.0
rev	3p	-	53	57654.0	45351.0	37862.0	75956.0	216823.0	29.0	4338.0	46.0	37.0	17.0	14.0	12.0	81.0	40.0	145.0	10.0	139.00.0	0.0	0.0	0.0	5.0	0.0	1.0	1.0	0.0
rev	3p	-	54	52984.0	41828.0	34948.0	68942.0	198702.0	32.0	3943.0	54.0	29.0	16.0	22.0	10.0	57.0	45.0	146.0	8.0	157.00.0	0.0	0.0	0.0	2.0	0.0	4.0	1.0	0.0
rev	3p	-	55	48110.0	38364.0	32200.0	63709.0	182383.0	25.0	3615.0	37.0	36.0	15.0	19.0	11.0	48.0	30.0	123.0	5.0	136.00.0	0.0	0.0	0.0	1.0	0.0	2.0	0.0	0.0
rev	3p	-	56	44236.0	34950.0	29431.0	58503.0	167120.0	27.0	3281.0	43.0	25.0	14.0	16.0	8.0	47.0	26.0	117.0	15.0	105.00.0	0.0	0.0	0.0	4.0	0.0	2.0	0.0	0.0
rev	3p	-	57	40238.0	32370.0	26834.0	53901.0	153343.0	18.0	3032.0	42.0	31.0	5.0	16.0	9.0	41.0	21.0	106.0	6.0	113.00.0	0.0	0.0	0.0	1.0	0.0	1.0	0.0	0.0
rev	3p	-	58	37095.0	29554.0	24508.0	49427.0	140584.0	21.0	2810.0	36.0	21.0	12.0	8.0	11.0	35.0	17.0	84.0	8.0	86.00.0	0.0	0.0	0.0	1.0	0.0	0.0	0.0	0.0
rev	3p	-	59	34059.0	27024.0	22623.0	45053.0	128759.0	24.0	2664.0	28.0	28.0	12.0	13.0	8.0	56.0	16.0	79.0	5.0	86.00.0	0.0	0.0	0.0	1.0	0.0	0.0	1.0	0.0
rev	3p	-	60	31044.0	24806.0	20744.0	41124.0	117718.0	19.0	2359.0	29.0	17.0	9.0	9.0	4.0	46.0	15.0	82.0	5.0	71.00.0	0.0	0.0	0.0	0.0	0.0	0.0	0.0	0.0
rev	3p	-	61	28272.0	22650.0	18808.0	37968.0	107698.0	23.0	2242.0	30.0	15.0	8.0	12.0	3.0	26.0	19.0	68.0	9.0	71.00.0	0.0	0.0	0.0	1.0	0.0	0.0	2.0	0.0
rev	3p	-	62	25980.0	20967.0	17233.0	34488.0	98668.0	11.0	2045.0	11.0	22.0	9.0	4.0	2.0	35.0	20.0	68.0	6.0	53.00.0	0.0	0.0	0.0	0.0	0.0	0.0	0.0	0.0
rev	3p	-	63	23610.0	19125.0	15775.0	31888.0	90398.0	11.0	1855.0	18.0	13.0	8.0	12.0	4.0	25.0	24.0	67.0	4.0	56.00.0	0.0	0.0	0.0	1.0	0.0	0.0	0.0	0.0
rev	3p	-	64	21349.0	17618.0	14453.0	29249.0	82669.0	7.0	1830.0	14.0	14.0	4.0	8.0	6.0	25.0	11.0	66.0	4.0	59.00.0	0.0	0.0	0.0	0.0	0.0	0.0	1.0	0.0
rev	3p	-	65	19740.0	15995.0	12915.0	26601.0	75251.0	13.0	1649.0	12.0	18.0	5.0	13.0	2.0	33.0	14.0	43.0	6.0	48.00.0	0.0	0.0	0.0	2.0	0.0	0.0	0.0	0.0
rev	3p	-	66	17860.0	14650.0	11930.0	24054.0	68494.0	13.0	1530.0	18.0	13.0	5.0	5.0	7.0	16.0	17.0	45.0	5.0	43.00.0	0.0	0.0	0.0	0.0	0.0	0.0	0.0	0.0
rev	3p	-	67	16069.0	13354.0	10925.0	22020.0	62368.0	11.0	1408.0	16.0	9.0	3.0	9.0	5.0	14.0	13.0	38.0	7.0	46.00.0	0.0	0.0	0.0	0.0	0.0	0.0	0.0	0.0
rev	3p	-	68	14720.0	12060.0	9897.0	20092.0	56769.0	11.0	1251.0	8.0	10.0	4.0	3.0	3.0	17.0	11.0	40.0	6.0	48.00.0	0.0	0.0	0.0	0.0	0.0	0.0	0.0	0.0
rev	3p	-	69	13372.0	10934.0	9080.0	18255.0	51641.0	8.0	1083.0	12.0	5.0	2.0	2.0	2.0	20.0	7.0	25.0	3.0	44.00.0	0.0	0.0	0.0	1.0	0.0	0.0	0.0	0.0
rev	3p	-	70	12009.0	10006.0	8194.0	16569.0	46778.0	12.0	1039.0	13.0	10.0	4.0	6.0	2.0	15.0	6.0	30.0	4.0	32.00.0	0.0	0.0	0.0	3.0	0.0	0.0	0.0	0.0
rev	3p	-	71	10951.0	9024.0	7506.0	14896.0	42377.0	1.0	915.0	14.0	3.0	1.0	5.0	3.0	13.0	6.0	31.0	0.0	35.00.0	0.0	0.0	0.0	0.0	0.0	0.0	1.0	0.0
rev	3p	-	72	9798.0	8150.0	6722.0	13574.0	38244.0	3.0	839.0	9.0	10.0	1.0	1.0	0.0	13.0	12.0	24.0	5.0	33.00.0	0.0	0.0	0.0	2.0	0.0	0.0	0.0	0.0
rev	3p	-	73	8879.0	7285.0	6148.0	12254.0	34566.0	5.0	725.0	6.0	5.0	6.0	1.0	3.0	7.0	8.0	30.0	1.0	28.00.0	0.0	0.0	0.0	1.0	0.0	0.0	0.0	0.0
rev	3p	-	74	7970.0	6574.0	5506.0	11088.0	31138.0	8.0	694.0	3.0	4.0	4.0	4.0	3.0	16.0	2.0	27.0	2.0	14.00.0	0.0	0.0	0.0	0.0	0.0	1.0	0.0	0.0
rev	3p	-	75	7040.0	5984.0	4942.0	9936.0	27902.0	2.0	606.0	1.0	9.0	2.0	4.0	1.0	8.0	5.0	19.0	2.0	18.00.0	0.0	0.0	0.0	1.0	0.0	1.0	0.0	0.0
rev	3p	-	76	6256.0	5393.0	4423.0	8959.0	25031.0	4.0	582.0	8.0	6.0	3.0	0.0	1.0	7.0	5.0	18.0	1.0	16.00.0	0.0	0.0	0.0	0.0	0.0	0.0	0.0	0.0
rev	3p	-	77	5607.0	4836.0	3939.0	7939.0	22321.0	3.0	542.0	5.0	2.0	2.0	1.0	2.0	4.0	1.0	14.0	3.0	17.00.0	0.0	0.0	0.0	0.0	0.0	0.0	0.0	0.0
rev	3p	-	78	5089.0	4191.0	3345.0	7191.0	19816.0	5.0	478.0	2.0	3.0	2.0	2.0	2.0	5.0	1.0	17.0	1.0	16.00.0	0.0	0.0	0.0	0.0	0.0	0.0	0.0	0.0
rev	3p	-	79	4307.0	3834.0	3007.0	6386.0	17534.0	2.0	387.0	2.0	3.0	3.0	3.0	0.0	5.0	3.0	15.0	1.0	11.00.0	0.0	0.0	0.0	0.0	0.0	0.0	0.0	0.0
rev	3p	-	80	3801.0	3350.0	2749.0	5472.0	15372.0	2.0	387.0	3.0	3.0	0.0	3.0	0.0	11.0	1.0	9.0	0.0	17.00.0	0.0	0.0	0.0	0.0	0.0	0.0	0.0	0.0
rev	3p	-	81	3398.0	2875.0	2314.0	4838.0	13425.0	2.0	319.0	4.0	1.0	0.0	3.0	1.0	4.0	3.0	10.0	1.0	4.00.0	0.0	0.0	0.0	0.0	0.0	0.0	0.0	0.0
rev	3p	-	82	2795.0	2510.0	2063.0	4329.0	11697.0	4.0	266.0	1.0	3.0	1.0	2.0	2.0	3.0	2.0	11.0	0.0	6.00.0	0.0	0.0	0.0	0.0	0.0	0.0	0.0	0.0
rev	3p	-	83	2333.0	2215.0	1791.0	3717.0	10056.0	1.0	257.0	0.0	2.0	0.0	3.0	0.0	3.0	0.0	6.0	1.0	11.00.0	0.0	0.0	0.0	0.0	0.0	0.0	0.0	0.0
rev	3p	-	84	1965.0	1874.0	1479.0	3231.0	8549.0	0.0	219.0	0.0	0.0	2.0	0.0	0.0	2.0	1.0	6.0	2.0	7.00.0	0.0	0.0	0.0	0.0	0.0	0.0	0.0	0.0
rev	3p	-	85	1611.0	1559.0	1225.0	2690.0	7085.0	0.0	206.0	2.0	4.0	0.0	1.0	1.0	2.0	0.0	4.0	1.0	6.00.0	0.0	0.0	0.0	0.0	0.0	0.0	0.0	0.0
rev	3p	-	86	1259.0	1341.0	982.0	2276.0	5858.0	1.0	183.0	1.0	0.0	0.0	1.0	0.0	3.0	1.0	8.0	0.0	5.00.0	0.0	0.0	0.0	0.0	0.0	0.0	0.0	0.0
rev	3p	-	87	948.0	1069.0	871.0	1814.0	4702.0	1.0	185.0	2.0	0.0	0.0	0.0	0.0	2.0	2.0	2.0	0.0	3.00.0	0.0	0.0	0.0	0.0	0.0	0.0	0.0	0.0
rev	3p	-	88	729.0	786.0	592.0	1491.0	3598.0	0.0	154.0	0.0	2.0	1.0	0.0	0.0	4.0	0.0	2.0	1.0	1.00.0	0.0	0.0	0.0	0.0	0.0	0.0	0.0	0.0
rev	3p	-	89	484.0	576.0	427.0	1064.0	2551.0	0.0	119.0	1.0	2.0	0.0	1.0	0.0	0.0	1.0	3.0	0.0	2.00.0	0.0	0.0	0.0	0.0	0.0	0.0	0.0	0.0
rev	3p	-	90	317.0	353.0	261.0	682.0	1613.0	0.0	85.0	1.0	0.0	0.0	0.0	0.0	1.0	0.0	1.0	0.0	1.00.0	0.0	0.0	0.0	0.0	0.0	0.0	0.0	0.0
rev	3p	-	91	97.0	183.0	113.0	364.0	757.0	0.0	55.0	1.0	0.0	0.0	0.0	0.0	0.0	0.0	0.0	0.0	2.00.0	0.0	0.0	0.0	0.0	0.0	0.0	0.0	0.0
rev	3p	-	92	0.0	0.0	0.0	0.0	0.0	0.0	0.0	0.0	0.0	0.0	0.0	0.0	0.0	0.0	0.0	0.0	0.00.0	0.0	0.0	0.0	0.0	0.0	0.0	0.0	0.0
rev	3p	-	93	0.0	0.0	0.0	0.0	0.0	0.0	0.0	0.0	0.0	0.0	0.0	0.0	0.0	0.0	0.0	0.0	0.00.0	0.0	0.0	0.0	0.0	0.0	0.0	0.0	0.0
rev	3p	-	94	0.0	0.0	0.0	0.0	0.0	0.0	0.0	0.0	0.0	0.0	0.0	0.0	0.0	0.0	0.0	0.0	0.00.0	0.0	0.0	0.0	0.0	0.0	0.0	0.0	0.0
rev	3p	-	95	0.0	0.0	0.0	0.0	0.0	0.0	0.0	0.0	0.0	0.0	0.0	0.0	0.0	0.0	0.0	0.0	0.00.0	0.0	0.0	0.0	0.0	0.0	0.0	0.0	0.0
rev	3p	-	96	0.0	0.0	0.0	0.0	0.0	0.0	0.0	0.0	0.0	0.0	0.0	0.0	0.0	0.0	0.0	0.0	0.00.0	0.0	0.0	0.0	0.0	0.0	0.0	0.0	0.0
rev	3p	-	97	0.0	0.0	0.0	0.0	0.0	0.0	0.0	0.0	0.0	0.0	0.0	0.0	0.0	0.0	0.0	0.0	0.00.0	0.0	0.0	0.0	0.0	0.0	0.0	0.0	0.0
rev	3p	-	98	0.0	0.0	0.0	0.0	0.0	0.0	0.0	0.0	0.0	0.0	0.0	0.0	0.0	0.0	0.0	0.0	0.00.0	0.0	0.0	0.0	0.0	0.0	0.0	0.0	0.0
rev	3p	-	99	0.0	0.0	0.0	0.0	0.0	0.0	0.0	0.0	0.0	0.0	0.0	0.0	0.0	0.0	0.0	0.0	0.00.0	0.0	0.0	0.0	0.0	0.0	0.0	0.0	0.0
rev	3p	-	100	0.0	0.0	0.0	0.0	0.0	0.0	0.0	0.0	0.0	0.0	0.0	0.0	0.0	0.0	0.0	0.0	0.00.0	0.0	0.0	0.0	0.0	0.0	0.0	0.0	0.0
fwd	5p	+	1	190903.0	326125.0	190112.0	588403.0	1295543.0	1049.0	104717.0	287.0	309.0	99.0	243.0	61.0	110.0	91.0	157.0	78.0	1921.00.0	0.0	0.0	0.0	0.0	0.0	0.0	0.0	0.0
fwd	5p	+	2	298654.0	277840.0	209387.0	509646.0	1295527.0	752.0	49467.0	330.0	240.0	91.0	178.0	60.0	431.0	150.0	564.0	65.0	1400.00.0	0.0	0.0	0.0	2.0	0.0	0.0	0.0	0.0
fwd	5p	+	3	296753.0	296699.0	230245.0	471816.0	1295513.0	494.0	29300.0	302.0	269.0	98.0	141.0	80.0	255.0	126.0	395.0	62.0	867.00.0	0.0	0.0	0.0	5.0	0.0	3.0	1.0	0.0
fwd	5p	+	4	310701.0	300624.0	240696.0	443467.0	1295488.0	385.0	19743.0	262.0	278.0	106.0	111.0	76.0	262.0	112.0	470.0	73.0	726.00.0	0.0	0.0	0.0	12.0	0.0	7.0	6.0	0.0
fwd	5p	+	5	310736.0	286747.0	247475.0	450452.0	1295410.0	317.0	14127.0	288.0	244.0	89.0	110.0	69.0	205.0	82.0	313.0	64.0	821.00.0	0.0	0.0	0.0	50.0	0.0	13.0	23.0	0.0
fwd	5p	+	6	322208.0	280555.0	256525.0	436119.0	1295407.0	255.0	11651.0	247.0	245.0	81.0	121.0	51.0	193.0	95.0	271.0	64.0	787.00.0	0.0	0.0	0.0	51.0	0.0	13.0	10.0	0.0
fwd	5p	+	7	355474.0	274316.0	245876.0	419763.0	1295429.0	285.0	10826.0	243.0	231.0	82.0	105.0	54.0	180.0	110.0	245.0	56.0	690.00.0	0.0	0.0	0.0	48.0	0.0	8.0	7.0	0.0
fwd	5p	+	8	393258.0	254676.0	233997.0	413483.0	1295414.0	301.0	10928.0	275.0	205.0	78.0	104.0	72.0	133.0	96.0	153.0	69.0	708.00.0	0.0	0.0	0.0	53.0	0.0	8.0	6.0	0.0
fwd	5p	+	9	395332.0	249384.0	231942.0	418758.0	1295416.0	311.0	11676.0	212.0	213.0	78.0	102.0	46.0	158.0	93.0	136.0	61.0	640.00.0	0.0	0.0	0.0	54.0	0.0	5.0	7.0	0.0
fwd	5p	+	10	390766.0	254830.0	232652.0	417130.0	1295378.0	320.0	12311.0	217.0	199.0	71.0	113.0	60.0	147.0	81.0	150.0	56.0	644.00.0	0.0	0.0	0.0	71.0	0.0	8.0	7.0	0.0
fwd	5p	+	11	386894.0	255510.0	230421.0	422554.0	1295379.0	309.0	12460.0	229.0	213.0	81.0	117.0	53.0	137.0	105.0	130.0	49.0	648.00.0	0.0	0.0	0.0	75.0	0.0	7.0	9.0	0.0
fwd	5p	+	12	388781.0	254949.0	233984.0	417676.0	1295390.0	323.0	12523.0	224.0	226.0	77.0	108.0	58.0	130.0	78.0	117.0	57.0	660.00.0	0.0	0.0	0.0	68.0	0.0	10.0	7.0	0.0
fwd	5p	+	13	387594.0	254960.0	233828.0	419006.0	1295388.0	315.0	12603.0	213.0	229.0	83.0	94.0	59.0	134.0	76.0	129.0	60.0	605.00.0	0.0	0.0	0.0	73.0	0.0	10.0	10.0	0.0
fwd	5p	+	14	386920.0	255397.0	237819.0	415265.0	1295401.0	307.0	12245.0	217.0	199.0	88.0	114.0	55.0	130.0	101.0	94.0	49.0	631.00.0	0.0	0.0	0.0	51.0	0.0	6.0	8.0	0.0
fwd	5p	+	15	385421.0	257583.0	237103.0	415279.0	1295386.0	333.0	12050.0	217.0	188.0	67.0	119.0	48.0	136.0	76.0	94.0	60.0	653.00.0	0.0	0.0	0.0	61.0	0.0	8.0	7.0	0.0
fwd	5p	+	16	387326.0	256665.0	236622.0	414791.0	1295404.0	327.0	11769.0	253.0	231.0	64.0	116.0	70.0	100.0	84.0	119.0	49.0	612.00.0	0.0	0.0	0.0	59.0	0.0	6.0	7.0	0.0
fwd	5p	+	17	386520.0	255463.0	237693.0	415728.0	1295404.0	286.0	11188.0	219.0	245.0	78.0	104.0	51.0	122.0	91.0	94.0	57.0	583.00.0	0.0	0.0	0.0	47.0	0.0	9.0	15.0	0.0
fwd	5p	+	18	387247.0	255760.0	239145.0	413243.0	1295395.0	335.0	11202.0	256.0	217.0	74.0	128.0	54.0	121.0	78.0	95.0	64.0	653.00.0	0.0	0.0	0.0	38.0	0.0	9.0	12.0	0.0
fwd	5p	+	19	387547.0	256422.0	237380.0	414083.0	1295432.0	315.0	11074.0	225.0	202.0	88.0	120.0	64.0	117.0	66.0	94.0	58.0	615.00.0	0.0	0.0	0.0	43.0	0.0	1.0	5.0	0.0
fwd	5p	+	20	387932.0	256696.0	236161.0	414642.0	1295431.0	305.0	11065.0	232.0	212.0	80.0	113.0	47.0	118.0	79.0	93.0	52.0	601.00.0	0.0	0.0	0.0	38.0	0.0	4.0	7.0	0.0
fwd	5p	+	21	389207.0	254670.0	236613.0	414944.0	1295434.0	312.0	11118.0	208.0	226.0	90.0	109.0	54.0	129.0	95.0	89.0	51.0	592.00.0	0.0	0.0	0.0	34.0	0.0	12.0	6.0	0.0
fwd	5p	+	22	389436.0	254693.0	236743.0	414559.0	1295431.0	304.0	11310.0	219.0	209.0	87.0	130.0	53.0	119.0	83.0	104.0	57.0	575.00.0	0.0	0.0	0.0	32.0	0.0	10.0	9.0	0.0
fwd	5p	+	23	391088.0	253670.0	237603.0	413064.0	1295425.0	308.0	11487.0	219.0	206.0	92.0	136.0	64.0	124.0	81.0	113.0	50.0	625.00.0	0.0	0.0	0.0	38.0	0.0	11.0	8.0	0.0
fwd	5p	+	24	391831.0	253435.0	237033.0	413142.0	1295441.0	310.0	11572.0	241.0	231.0	83.0	118.0	62.0	121.0	92.0	97.0	64.0	571.00.0	0.0	0.0	0.0	28.0	0.0	7.0	13.0	0.0
fwd	5p	+	25	394215.0	253018.0	236736.0	411479.0	1295448.0	324.0	11620.0	240.0	222.0	75.0	139.0	56.0	134.0	77.0	101.0	64.0	624.00.0	0.0	0.0	0.0	27.0	0.0	11.0	8.0	0.0
fwd	5p	+	26	394179.0	251933.0	238172.0	411177.0	1295461.0	329.0	11694.0	222.0	180.0	88.0	116.0	50.0	129.0	126.0	114.0	61.0	610.00.0	0.0	0.0	0.0	31.0	0.0	10.0	1.0	0.0
fwd	5p	+	27	397629.0	249080.0	239481.0	409286.0	1295476.0	337.0	11661.0	246.0	223.0	86.0	131.0	76.0	133.0	87.0	128.0	60.0	647.00.0	0.0	0.0	0.0	18.0	0.0	5.0	9.0	0.0
fwd	5p	+	28	399045.0	249362.0	240080.0	406993.0	1295480.0	304.0	12875.0	240.0	204.0	98.0	156.0	75.0	132.0	103.0	140.0	69.0	624.00.0	0.0	0.0	0.0	20.0	0.0	5.0	6.0	0.0
fwd	5p	+	29	403277.0	249354.0	241502.0	401331.0	1295464.0	321.0	14730.0	223.0	191.0	103.0	148.0	63.0	174.0	100.0	130.0	53.0	647.00.0	0.0	0.0	0.0	28.0	0.0	13.0	8.0	0.0
fwd	5p	+	30	400252.0	250668.0	236477.0	408077.0	1295474.0	334.0	18974.0	239.0	228.0	83.0	139.0	63.0	156.0	123.0	105.0	49.0	662.00.0	0.0	0.0	0.0	18.0	0.0	3.0	6.0	0.0
fwd	5p	+	31	375527.0	236675.0	220997.0	387153.0	1220352.0	333.0	18268.0	226.0	196.0	83.0	131.0	61.0	161.0	111.0	106.0	51.0	580.00.0	0.0	0.0	0.0	13.0	0.0	2.0	1.0	0.0
fwd	5p	+	32	351457.0	221955.0	208011.0	365322.0	1146745.0	316.0	17630.0	238.0	179.0	82.0	135.0	54.0	110.0	94.0	109.0	47.0	591.00.0	0.0	0.0	0.0	11.0	0.0	7.0	6.0	0.0
fwd	5p	+	33	329226.0	209223.0	195242.0	342678.0	1076369.0	290.0	16455.0	195.0	170.0	72.0	107.0	53.0	137.0	91.0	96.0	56.0	517.00.0	0.0	0.0	0.0	17.0	0.0	3.0	3.0	0.0
fwd	5p	+	34	306465.0	196978.0	183002.0	322192.0	1008637.0	281.0	16035.0	202.0	156.0	80.0	99.0	49.0	114.0	82.0	92.0	48.0	506.00.0	0.0	0.0	0.0	12.0	0.0	6.0	7.0	0.0
fwd	5p	+	35	288929.0	183510.0	170858.0	301138.0	944435.0	309.0	15308.0	203.0	149.0	58.0	116.0	47.0	107.0	79.0	82.0	31.0	452.00.0	0.0	0.0	0.0	17.0	0.0	3.0	4.0	0.0
fwd	5p	+	36	268678.0	172213.0	160244.0	282623.0	883758.0	280.0	14452.0	166.0	153.0	63.0	93.0	54.0	101.0	73.0	91.0	47.0	431.00.0	0.0	0.0	0.0	12.0	0.0	2.0	3.0	0.0
fwd	5p	+	37	250928.0	160562.0	148822.0	265802.0	826114.0	265.0	13920.0	167.0	121.0	70.0	88.0	41.0	101.0	75.0	93.0	41.0	378.00.0	0.0	0.0	0.0	9.0	0.0	3.0	6.0	0.0
fwd	5p	+	38	233906.0	150892.0	139123.0	247168.0	771089.0	275.0	13751.0	150.0	131.0	54.0	90.0	46.0	92.0	70.0	80.0	45.0	407.00.0	0.0	0.0	0.0	12.0	0.0	1.0	2.0	0.0
fwd	5p	+	39	216464.0	140917.0	130072.0	229412.0	716865.0	255.0	12824.0	162.0	138.0	63.0	85.0	30.0	90.0	45.0	78.0	37.0	359.00.0	0.0	0.0	0.0	11.0	0.0	4.0	2.0	0.0
fwd	5p	+	40	201372.0	130207.0	119292.0	214509.0	665380.0	254.0	12023.0	139.0	132.0	56.0	82.0	43.0	91.0	61.0	73.0	35.0	315.00.0	0.0	0.0	0.0	13.0	0.0	1.0	6.0	0.0
fwd	5p	+	41	185136.0	120405.0	111155.0	200633.0	617329.0	237.0	11364.0	107.0	105.0	44.0	68.0	30.0	85.0	69.0	80.0	25.0	306.00.0	0.0	0.0	0.0	10.0	0.0	2.0	4.0	0.0
fwd	5p	+	42	172359.0	111923.0	102652.0	185095.0	572029.0	260.0	10342.0	90.0	108.0	37.0	64.0	34.0	76.0	65.0	63.0	27.0	272.00.0	0.0	0.0	0.0	5.0	0.0	7.0	4.0	0.0
fwd	5p	+	43	159040.0	104489.0	94930.0	171436.0	529895.0	218.0	9829.0	110.0	69.0	49.0	85.0	33.0	90.0	45.0	58.0	35.0	263.00.0	0.0	0.0	0.0	13.0	0.0	4.0	0.0	0.0
fwd	5p	+	44	147739.0	96171.0	88205.0	158934.0	491049.0	241.0	8982.0	100.0	89.0	43.0	53.0	28.0	64.0	44.0	57.0	18.0	245.00.0	0.0	0.0	0.0	13.0	0.0	4.0	4.0	0.0
fwd	5p	+	45	136485.0	89418.0	81076.0	147566.0	454545.0	233.0	8382.0	104.0	82.0	54.0	58.0	20.0	71.0	64.0	57.0	26.0	227.00.0	0.0	0.0	0.0	11.0	0.0	2.0	7.0	0.0
fwd	5p	+	46	126042.0	82680.0	75015.0	136982.0	420719.0	195.0	7573.0	87.0	86.0	45.0	60.0	27.0	69.0	40.0	82.0	25.0	319.00.0	0.0	0.0	0.0	7.0	0.0	3.0	5.0	0.0
fwd	5p	+	47	116187.0	76307.0	70358.0	126505.0	389357.0	198.0	7172.0	74.0	75.0	25.0	59.0	30.0	62.0	42.0	50.0	38.0	202.00.0	0.0	0.0	0.0	9.0	0.0	0.0	2.0	0.0
fwd	5p	+	48	108452.0	70768.0	64192.0	116930.0	360342.0	215.0	6632.0	89.0	66.0	41.0	69.0	30.0	59.0	59.0	69.0	30.0	207.00.0	0.0	0.0	0.0	6.0	0.0	2.0	1.0	0.0
fwd	5p	+	49	99994.0	65467.0	59592.0	108012.0	333065.0	233.0	6025.0	77.0	60.0	49.0	77.0	30.0	72.0	54.0	73.0	43.0	225.00.0	0.0	0.0	0.0	5.0	0.0	1.0	1.0	0.0
fwd	5p	+	50	92114.0	60668.0	55066.0	100248.0	308096.0	241.0	5777.0	96.0	91.0	66.0	78.0	51.0	84.0	74.0	100.0	28.0	174.00.0	0.0	0.0	0.0	2.0	0.0	1.0	0.0	0.0
fwd	5p	+	51	84653.0	55763.0	50541.0	92430.0	283387.0	213.0	5182.0	106.0	90.0	73.0	106.0	72.0	101.0	75.0	116.0	30.0	178.00.0	0.0	0.0	0.0	4.0	0.0	1.0	1.0	0.0
fwd	5p	+	52	69918.0	46863.0	41838.0	77740.0	236359.0	38.0	4604.0	54.0	37.0	81.0	149.0	23.0	70.0	47.0	31.0	7.0	150.00.0	0.0	0.0	0.0	4.0	0.0	1.0	0.0	0.0
fwd	5p	+	53	64458.0	42788.0	38651.0	70851.0	216748.0	44.0	4206.0	42.0	35.0	76.0	132.0	22.0	55.0	32.0	24.0	16.0	160.00.0	0.0	0.0	0.0	5.0	0.0	3.0	2.0	0.0
fwd	5p	+	54	59166.0	39114.0	35439.0	65071.0	198790.0	28.0	3841.0	49.0	37.0	73.0	131.0	15.0	57.0	48.0	16.0	16.0	133.00.0	0.0	0.0	0.0	3.0	0.0	0.0	1.0	0.0
fwd	5p	+	55	54230.0	36076.0	32434.0	59562.0	182302.0	32.0	3523.0	28.0	31.0	59.0	96.0	19.0	43.0	35.0	22.0	8.0	115.00.0	0.0	0.0	0.0	2.0	0.0	2.0	3.0	0.0
fwd	5p	+	56	49509.0	33144.0	29896.0	54444.0	166993.0	31.0	3166.0	23.0	19.0	70.0	100.0	18.0	34.0	27.0	15.0	11.0	117.00.0	0.0	0.0	0.0	4.0	0.0	0.0	1.0	0.0
fwd	5p	+	57	45839.0	30431.0	27009.0	50010.0	153289.0	24.0	3074.0	28.0	34.0	43.0	82.0	16.0	34.0	28.0	10.0	8.0	119.00.0	0.0	0.0	0.0	1.0	0.0	2.0	0.0	0.0
fwd	5p	+	58	41445.0	28230.0	24794.0	46137.0	140606.0	24.0	2755.0	23.0	23.0	54.0	77.0	12.0	31.0	29.0	14.0	10.0	103.00.0	0.0	0.0	0.0	2.0	0.0	1.0	0.0	0.0
fwd	5p	+	59	38226.0	25162.0	23045.0	42281.0	128714.0	18.0	2504.0	23.0	25.0	43.0	94.0	13.0	40.0	26.0	11.0	7.0	68.00.0	0.0	0.0	0.0	0.0	0.0	0.0	0.0	0.0
fwd	5p	+	60	34977.0	23308.0	21100.0	38559.0	117944.0	17.0	2337.0	23.0	20.0	43.0	67.0	12.0	29.0	32.0	9.0	2.0	85.00.0	0.0	0.0	0.0	1.0	0.0	0.0	0.0	0.0
fwd	5p	+	61	31989.0	21420.0	19183.0	35436.0	108028.0	19.0	2114.0	19.0	18.0	35.0	75.0	11.0	28.0	26.0	12.0	5.0	83.00.0	0.0	0.0	0.0	0.0	0.0	0.0	0.0	0.0
fwd	5p	+	62	29115.0	19562.0	17551.0	32722.0	98950.0	13.0	1927.0	17.0	27.0	27.0	51.0	10.0	34.0	13.0	11.0	5.0	66.00.0	0.0	0.0	0.0	2.0	0.0	0.0	0.0	0.0
fwd	5p	+	63	26538.0	18081.0	16319.0	29531.0	90469.0	8.0	1874.0	18.0	23.0	34.0	44.0	10.0	18.0	17.0	4.0	8.0	67.00.0	0.0	0.0	0.0	3.0	0.0	0.0	0.0	0.0
fwd	5p	+	64	24282.0	16485.0	14511.0	27508.0	82786.0	11.0	1817.0	14.0	16.0	25.0	36.0	11.0	25.0	18.0	8.0	4.0	60.00.0	0.0	0.0	0.0	0.0	0.0	1.0	0.0	0.0
fwd	5p	+	65	22060.0	14980.0	13481.0	24841.0	75362.0	14.0	1578.0	15.0	17.0	16.0	47.0	12.0	22.0	15.0	15.0	2.0	51.00.0	0.0	0.0	0.0	0.0	0.0	0.0	1.0	0.0
fwd	5p	+	66	20344.0	13490.0	12369.0	22381.0	68584.0	17.0	1430.0	12.0	18.0	14.0	34.0	5.0	14.0	21.0	16.0	3.0	52.00.0	0.0	0.0	0.0	2.0	0.0	1.0	0.0	0.0
fwd	5p	+	67	18335.0	12348.0	11052.0	20654.0	62389.0	11.0	1365.0	9.0	20.0	24.0	31.0	6.0	17.0	19.0	8.0	4.0	50.00.0	0.0	0.0	0.0	0.0	0.0	0.0	0.0	0.0
fwd	5p	+	68	16792.0	11220.0	10283.0	18549.0	56844.0	14.0	1210.0	9.0	10.0	23.0	35.0	3.0	14.0	14.0	10.0	4.0	39.00.0	0.0	0.0	0.0	1.0	0.0	0.0	1.0	0.0
fwd	5p	+	69	15372.0	10054.0	9147.0	17078.0	51651.0	5.0	1112.0	12.0	6.0	14.0	29.0	4.0	12.0	15.0	7.0	3.0	35.00.0	0.0	0.0	0.0	0.0	0.0	1.0	0.0	0.0
fwd	5p	+	70	13910.0	9133.0	8291.0	15435.0	46769.0	4.0	1035.0	11.0	7.0	16.0	17.0	3.0	10.0	4.0	8.0	3.0	23.00.0	0.0	0.0	0.0	0.0	0.0	1.0	1.0	0.0
fwd	5p	+	71	12565.0	8336.0	7545.0	13877.0	42323.0	6.0	901.0	12.0	5.0	10.0	20.0	5.0	12.0	3.0	6.0	2.0	25.00.0	0.0	0.0	0.0	0.0	0.0	0.0	0.0	0.0
fwd	5p	+	72	11459.0	7345.0	6863.0	12579.0	38246.0	5.0	807.0	4.0	7.0	14.0	18.0	2.0	3.0	11.0	3.0	0.0	29.00.0	0.0	0.0	0.0	0.0	0.0	0.0	0.0	0.0
fwd	5p	+	73	10320.0	6790.0	6106.0	11206.0	34422.0	7.0	786.0	7.0	7.0	7.0	16.0	0.0	10.0	7.0	4.0	2.0	18.00.0	0.0	0.0	0.0	0.0	0.0	0.0	0.0	0.0
fwd	5p	+	74	9118.0	6147.0	5534.0	10124.0	30923.0	0.0	691.0	10.0	4.0	17.0	19.0	4.0	5.0	6.0	3.0	2.0	21.00.0	0.0	0.0	0.0	0.0	0.0	0.0	0.0	0.0
fwd	5p	+	75	8196.0	5563.0	4871.0	9103.0	27733.0	6.0	617.0	7.0	4.0	12.0	11.0	5.0	6.0	6.0	2.0	1.0	12.00.0	0.0	0.0	0.0	0.0	0.0	0.0	0.0	0.0
fwd	5p	+	76	7325.0	4885.0	4392.0	8346.0	24948.0	8.0	567.0	8.0	3.0	11.0	14.0	1.0	9.0	5.0	4.0	1.0	10.00.0	0.0	0.0	0.0	1.0	0.0	0.0	0.0	0.0
fwd	5p	+	77	6496.0	4407.0	3975.0	7416.0	22294.0	4.0	532.0	7.0	7.0	7.0	7.0	2.0	3.0	10.0	1.0	0.0	13.00.0	0.0	0.0	0.0	0.0	0.0	0.0	0.0	0.0
fwd	5p	+	78	5952.0	3884.0	3428.0	6461.0	19725.0	2.0	452.0	2.0	0.0	5.0	7.0	0.0	3.0	8.0	2.0	1.0	13.00.0	0.0	0.0	0.0	0.0	0.0	0.0	0.0	0.0
fwd	5p	+	79	5195.0	3342.0	3081.0	5803.0	17421.0	7.0	365.0	4.0	5.0	4.0	10.0	1.0	4.0	5.0	0.0	1.0	14.00.0	0.0	0.0	0.0	0.0	0.0	0.0	1.0	0.0
fwd	5p	+	80	4550.0	2958.0	2709.0	5109.0	15326.0	2.0	336.0	3.0	3.0	2.0	7.0	1.0	5.0	2.0	1.0	0.0	14.00.0	0.0	0.0	0.0	0.0	0.0	0.0	0.0	0.0
fwd	5p	+	81	3980.0	2642.0	2369.0	4400.0	13391.0	1.0	332.0	4.0	1.0	3.0	9.0	2.0	4.0	8.0	0.0	3.0	9.00.0	0.0	0.0	0.0	0.0	0.0	0.0	0.0	0.0
fwd	5p	+	82	3456.0	2306.0	2007.0	3856.0	11625.0	2.0	299.0	1.0	1.0	4.0	8.0	1.0	1.0	5.0	1.0	0.0	8.00.0	0.0	0.0	0.0	0.0	0.0	0.0	0.0	0.0
fwd	5p	+	83	2918.0	1980.0	1743.0	3317.0	9958.0	2.0	293.0	5.0	2.0	6.0	6.0	1.0	2.0	0.0	0.0	2.0	7.00.0	0.0	0.0	0.0	0.0	0.0	0.0	0.0	0.0
fwd	5p	+	84	2494.0	1599.0	1560.0	2738.0	8391.0	1.0	235.0	5.0	2.0	2.0	2.0	3.0	2.0	3.0	2.0	0.0	6.00.0	0.0	0.0	0.0	0.0	0.0	0.0	0.0	0.0
fwd	5p	+	85	2096.0	1377.0	1298.0	2305.0	7076.0	2.0	229.0	0.0	1.0	2.0	1.0	0.0	2.0	3.0	1.0	0.0	3.00.0	0.0	0.0	0.0	0.0	0.0	0.0	0.0	0.0
fwd	5p	+	86	1722.0	1150.0	1027.0	1893.0	5792.0	0.0	209.0	2.0	0.0	2.0	2.0	0.0	1.0	1.0	1.0	1.0	3.00.0	0.0	0.0	0.0	0.0	0.0	0.0	0.0	0.0
fwd	5p	+	87	1352.0	941.0	785.0	1552.0	4630.0	3.0	158.0	2.0	1.0	0.0	2.0	1.0	1.0	1.0	1.0	0.0	3.00.0	0.0	0.0	0.0	0.0	0.0	0.0	0.0	0.0
fwd	5p	+	88	1045.0	752.0	586.0	1190.0	3573.0	1.0	148.0	1.0	2.0	3.0	2.0	0.0	0.0	0.0	1.0	0.0	2.00.0	0.0	0.0	0.0	0.0	0.0	0.0	0.0	0.0
fwd	5p	+	89	726.0	534.0	397.0	866.0	2523.0	0.0	113.0	1.0	1.0	1.0	4.0	0.0	1.0	1.0	0.0	0.0	5.00.0	0.0	0.0	0.0	0.0	0.0	0.0	0.0	0.0
fwd	5p	+	90	428.0	381.0	240.0	574.0	1623.0	1.0	108.0	0.0	0.0	0.0	1.0	0.0	0.0	0.0	0.0	1.0	1.00.0	0.0	0.0	0.0	0.0	0.0	0.0	0.0	0.0
fwd	5p	+	91	185.0	174.0	94.0	327.0	780.0	0.0	53.0	0.0	0.0	0.0	2.0	0.0	0.0	0.0	0.0	0.0	0.00.0	0.0	0.0	0.0	0.0	0.0	0.0	0.0	0.0
fwd	5p	+	92	0.0	0.0	0.0	0.0	0.0	0.0	0.0	0.0	0.0	0.0	0.0	0.0	0.0	0.0	0.0	0.0	0.00.0	0.0	0.0	0.0	0.0	0.0	0.0	0.0	0.0
fwd	5p	+	93	0.0	0.0	0.0	0.0	0.0	0.0	0.0	0.0	0.0	0.0	0.0	0.0	0.0	0.0	0.0	0.0	0.00.0	0.0	0.0	0.0	0.0	0.0	0.0	0.0	0.0
fwd	5p	+	94	0.0	0.0	0.0	0.0	0.0	0.0	0.0	0.0	0.0	0.0	0.0	0.0	0.0	0.0	0.0	0.0	0.00.0	0.0	0.0	0.0	0.0	0.0	0.0	0.0	0.0
fwd	5p	+	95	0.0	0.0	0.0	0.0	0.0	0.0	0.0	0.0	0.0	0.0	0.0	0.0	0.0	0.0	0.0	0.0	0.00.0	0.0	0.0	0.0	0.0	0.0	0.0	0.0	0.0
fwd	5p	+	96	0.0	0.0	0.0	0.0	0.0	0.0	0.0	0.0	0.0	0.0	0.0	0.0	0.0	0.0	0.0	0.0	0.00.0	0.0	0.0	0.0	0.0	0.0	0.0	0.0	0.0
fwd	5p	+	97	0.0	0.0	0.0	0.0	0.0	0.0	0.0	0.0	0.0	0.0	0.0	0.0	0.0	0.0	0.0	0.0	0.00.0	0.0	0.0	0.0	0.0	0.0	0.0	0.0	0.0
fwd	5p	+	98	0.0	0.0	0.0	0.0	0.0	0.0	0.0	0.0	0.0	0.0	0.0	0.0	0.0	0.0	0.0	0.0	0.00.0	0.0	0.0	0.0	0.0	0.0	0.0	0.0	0.0
fwd	5p	+	99	0.0	0.0	0.0	0.0	0.0	0.0	0.0	0.0	0.0	0.0	0.0	0.0	0.0	0.0	0.0	0.0	0.00.0	0.0	0.0	0.0	0.0	0.0	0.0	0.0	0.0
fwd	5p	+	100	0.0	0.0	0.0	0.0	0.0	0.0	0.0	0.0	0.0	0.0	0.0	0.0	0.0	0.0	0.0	0.0	0.00.0	0.0	0.0	0.0	0.0	0.0	0.0	0.0	0.0
rev	5p	-	1	191145.0	324967.0	190147.0	587229.0	1293488.0	1022.0	104708.0	257.0	270.0	76.0	267.0	58.0	112.0	74.0	152.0	78.0	2005.00.0	0.0	0.0	0.0	0.0	0.0	0.0	0.0	0.0
rev	5p	-	2	299046.0	277630.0	208790.0	508022.0	1293488.0	759.0	49666.0	302.0	212.0	101.0	166.0	64.0	473.0	166.0	628.0	73.0	1369.00.0	0.0	0.0	0.0	0.0	0.0	0.0	0.0	0.0
rev	5p	-	3	297505.0	296002.0	230309.0	469669.0	1293485.0	493.0	29172.0	280.0	263.0	92.0	122.0	77.0	251.0	151.0	410.0	72.0	890.00.0	0.0	0.0	0.0	0.0	0.0	0.0	0.0	0.0
rev	5p	-	4	309534.0	301262.0	240246.0	442443.0	1293485.0	376.0	19575.0	272.0	283.0	110.0	133.0	70.0	270.0	106.0	459.0	56.0	791.00.0	0.0	0.0	0.0	1.0	0.0	1.0	1.0	0.0
rev	5p	-	5	311771.0	286956.0	246399.0	448313.0	1293439.0	348.0	14186.0	289.0	269.0	72.0	106.0	68.0	200.0	98.0	319.0	62.0	789.00.0	0.0	0.0	0.0	16.0	0.0	11.0	11.0	0.0
rev	5p	-	6	321726.0	280592.0	254771.0	436357.0	1293446.0	306.0	11615.0	234.0	226.0	91.0	95.0	66.0	187.0	108.0	280.0	86.0	774.00.0	0.0	0.0	0.0	9.0	0.0	10.0	9.0	0.0
rev	5p	-	7	355212.0	274956.0	245138.0	418136.0	1293442.0	315.0	10601.0	263.0	222.0	70.0	92.0	62.0	159.0	91.0	256.0	65.0	694.00.0	0.0	0.0	0.0	13.0	0.0	8.0	7.0	0.0
rev	5p	-	8	393279.0	253433.0	233227.0	413512.0	1293451.0	302.0	10818.0	246.0	242.0	94.0	117.0	50.0	134.0	104.0	150.0	60.0	617.00.0	0.0	0.0	0.0	9.0	0.0	6.0	3.0	0.0
rev	5p	-	9	393609.0	249728.0	230989.0	419112.0	1293438.0	318.0	11627.0	216.0	200.0	75.0	91.0	58.0	153.0	98.0	135.0	72.0	662.00.0	0.0	0.0	0.0	16.0	0.0	5.0	11.0	0.0
rev	5p	-	10	390389.0	254255.0	232411.0	416378.0	1293433.0	318.0	12162.0	255.0	216.0	84.0	123.0	49.0	122.0	98.0	152.0	53.0	653.00.0	0.0	0.0	0.0	15.0	0.0	4.0	18.0	0.0
rev	5p	-	11	388380.0	254810.0	229944.0	420309.0	1293443.0	258.0	12658.0	224.0	244.0	92.0	108.0	68.0	112.0	104.0	127.0	52.0	670.00.0	0.0	0.0	0.0	9.0	0.0	13.0	6.0	0.0
rev	5p	-	12	389938.0	253400.0	234182.0	415924.0	1293444.0	316.0	12430.0	224.0	208.0	63.0	106.0	56.0	123.0	88.0	147.0	55.0	661.00.0	0.0	0.0	0.0	7.0	0.0	8.0	8.0	0.0
rev	5p	-	13	388300.0	254532.0	233171.0	417449.0	1293452.0	298.0	12453.0	237.0	235.0	104.0	99.0	55.0	123.0	69.0	128.0	48.0	666.00.0	0.0	0.0	0.0	9.0	0.0	6.0	4.0	0.0
rev	5p	-	14	386777.0	255283.0	235857.0	415510.0	1293427.0	301.0	12155.0	244.0	225.0	80.0	124.0	58.0	117.0	80.0	112.0	52.0	631.00.0	0.0	0.0	0.0	23.0	0.0	5.0	5.0	0.0
rev	5p	-	15	387045.0	256827.0	235941.0	413603.0	1293416.0	300.0	12026.0	252.0	208.0	83.0	127.0	69.0	111.0	77.0	106.0	56.0	641.00.0	0.0	0.0	0.0	22.0	0.0	8.0	9.0	0.0
rev	5p	-	16	388053.0	256017.0	235885.0	413450.0	1293405.0	318.0	11709.0	208.0	217.0	96.0	122.0	53.0	114.0	89.0	102.0	48.0	599.00.0	0.0	0.0	0.0	23.0	0.0	11.0	13.0	0.0
rev	5p	-	17	386672.0	255556.0	237132.0	414051.0	1293411.0	320.0	11373.0	200.0	209.0	74.0	105.0	63.0	121.0	74.0	117.0	46.0	635.00.0	0.0	0.0	0.0	34.0	0.0	6.0	8.0	0.0
rev	5p	-	18	386911.0	255386.0	238380.0	412716.0	1293393.0	317.0	11063.0	211.0	230.0	80.0	100.0	54.0	130.0	78.0	101.0	65.0	620.00.0	0.0	0.0	0.0	41.0	0.0	9.0	5.0	0.0
rev	5p	-	19	388311.0	255579.0	236236.0	413257.0	1293383.0	296.0	11096.0	224.0	224.0	73.0	96.0	46.0	99.0	82.0	97.0	56.0	608.00.0	0.0	0.0	0.0	34.0	0.0	12.0	9.0	0.0
rev	5p	-	20	388507.0	256674.0	235226.0	412960.0	1293367.0	293.0	11038.0	256.0	224.0	91.0	128.0	63.0	101.0	77.0	101.0	52.0	614.00.0	0.0	0.0	0.0	51.0	0.0	9.0	6.0	0.0
rev	5p	-	21	389856.0	253727.0	236551.0	413244.0	1293378.0	318.0	11168.0	235.0	186.0	71.0	79.0	58.0	129.0	86.0	104.0	48.0	578.00.0	0.0	0.0	0.0	37.0	0.0	10.0	9.0	0.0
rev	5p	-	22	389732.0	253912.0	235726.0	413992.0	1293362.0	316.0	11213.0	243.0	211.0	70.0	109.0	60.0	116.0	88.0	123.0	60.0	615.00.0	0.0	0.0	0.0	53.0	0.0	6.0	6.0	0.0
rev	5p	-	23	390949.0	253979.0	236287.0	412119.0	1293334.0	280.0	11326.0	236.0	214.0	81.0	118.0	52.0	119.0	93.0	100.0	53.0	570.00.0	0.0	0.0	0.0	67.0	0.0	10.0	10.0	0.0
rev	5p	-	24	391920.0	252695.0	236489.0	412246.0	1293350.0	270.0	11506.0	242.0	221.0	71.0	114.0	65.0	118.0	70.0	95.0	63.0	607.00.0	0.0	0.0	0.0	58.0	0.0	8.0	12.0	0.0
rev	5p	-	25	394371.0	252250.0	236945.0	409792.0	1293358.0	305.0	11633.0	247.0	190.0	76.0	131.0	53.0	122.0	92.0	98.0	48.0	585.00.0	0.0	0.0	0.0	51.0	0.0	12.0	5.0	0.0
rev	5p	-	26	393990.0	251506.0	237593.0	410277.0	1293366.0	310.0	11456.0	235.0	222.0	101.0	116.0	76.0	159.0	100.0	92.0	63.0	631.00.0	0.0	0.0	0.0	60.0	0.0	11.0	5.0	0.0
rev	5p	-	27	398290.0	248884.0	239018.0	407161.0	1293353.0	293.0	11960.0	239.0	221.0	101.0	107.0	56.0	141.0	98.0	126.0	52.0	623.00.0	0.0	0.0	0.0	62.0	0.0	3.0	6.0	0.0
rev	5p	-	28	399400.0	248633.0	238740.0	406569.0	1293342.0	325.0	12784.0	245.0	227.0	91.0	149.0	74.0	119.0	90.0	125.0	62.0	668.00.0	0.0	0.0	0.0	61.0	0.0	15.0	7.0	0.0
rev	5p	-	29	404113.0	248890.0	240341.0	400002.0	1293346.0	324.0	14957.0	240.0	188.0	93.0	120.0	65.0	156.0	107.0	118.0	53.0	654.00.0	0.0	0.0	0.0	54.0	0.0	9.0	10.0	0.0
rev	5p	-	30	399815.0	250705.0	234956.0	407902.0	1293378.0	334.0	19079.0	238.0	197.0	93.0	116.0	57.0	145.0	114.0	104.0	65.0	633.00.0	0.0	0.0	0.0	40.0	0.0	6.0	6.0	0.0
rev	5p	-	31	373852.0	236956.0	221483.0	385945.0	1218236.0	341.0	18321.0	190.0	212.0	70.0	144.0	68.0	150.0	103.0	82.0	46.0	615.00.0	0.0	0.0	0.0	44.0	0.0	8.0	3.0	0.0
rev	5p	-	32	351977.0	221455.0	207253.0	364632.0	1145317.0	306.0	17318.0	255.0	190.0	94.0	126.0	49.0	140.0	109.0	114.0	50.0	552.00.0	0.0	0.0	0.0	27.0	0.0	8.0	9.0	0.0
rev	5p	-	33	328754.0	209161.0	195626.0	341510.0	1075051.0	300.0	16881.0	203.0	184.0	72.0	136.0	54.0	143.0	94.0	109.0	55.0	522.00.0	0.0	0.0	0.0	40.0	0.0	7.0	1.0	0.0
rev	5p	-	34	307861.0	196519.0	183412.0	320116.0	1007908.0	262.0	16025.0	183.0	158.0	76.0	125.0	62.0	128.0	92.0	113.0	51.0	476.00.0	0.0	0.0	0.0	46.0	0.0	8.0	3.0	0.0
rev	5p	-	35	289562.0	183173.0	170202.0	300857.0	943794.0	293.0	14959.0	207.0	160.0	80.0	108.0	44.0	103.0	70.0	98.0	37.0	463.00.0	0.0	0.0	0.0	35.0	0.0	6.0	3.0	0.0
rev	5p	-	36	269039.0	172182.0	159685.0	282527.0	883433.0	260.0	14544.0	189.0	151.0	62.0	94.0	48.0	121.0	83.0	76.0	33.0	411.00.0	0.0	0.0	0.0	27.0	0.0	5.0	3.0	0.0
rev	5p	-	37	251389.0	161570.0	149011.0	263988.0	825958.0	272.0	13981.0	171.0	134.0	58.0	91.0	36.0	79.0	67.0	73.0	38.0	385.00.0	0.0	0.0	0.0	25.0	0.0	4.0	4.0	0.0
rev	5p	-	38	234461.0	150212.0	139102.0	247443.0	771218.0	245.0	13565.0	152.0	131.0	52.0	106.0	47.0	117.0	74.0	81.0	35.0	389.00.0	0.0	0.0	0.0	27.0	0.0	3.0	2.0	0.0
rev	5p	-	39	216509.0	140620.0	128984.0	230545.0	716658.0	247.0	12566.0	131.0	122.0	46.0	76.0	43.0	112.0	60.0	72.0	27.0	367.00.0	0.0	0.0	0.0	21.0	0.0	2.0	4.0	0.0
rev	5p	-	40	201224.0	130299.0	119586.0	214401.0	665510.0	253.0	11963.0	135.0	119.0	50.0	76.0	34.0	98.0	54.0	66.0	29.0	325.00.0	0.0	0.0	0.0	14.0	0.0	4.0	2.0	0.0
rev	5p	-	41	186523.0	120483.0	110215.0	200291.0	617512.0	230.0	11411.0	131.0	94.0	51.0	60.0	36.0	87.0	45.0	54.0	34.0	308.00.0	0.0	0.0	0.0	9.0	0.0	6.0	3.0	0.0
rev	5p	-	42	171854.0	112096.0	102353.0	185731.0	572034.0	221.0	10418.0	127.0	103.0	46.0	52.0	25.0	77.0	42.0	64.0	30.0	313.00.0	0.0	0.0	0.0	20.0	0.0	2.0	7.0	0.0
rev	5p	-	43	159374.0	104380.0	94816.0	171494.0	530064.0	220.0	9732.0	108.0	73.0	38.0	59.0	38.0	83.0	36.0	56.0	28.0	248.00.0	0.0	0.0	0.0	16.0	0.0	6.0	4.0	0.0
rev	5p	-	44	147582.0	96746.0	87799.0	158842.0	490969.0	201.0	8958.0	107.0	70.0	47.0	69.0	24.0	71.0	43.0	62.0	25.0	232.00.0	0.0	0.0	0.0	9.0	0.0	1.0	2.0	0.0
rev	5p	-	45	136809.0	89116.0	80921.0	147591.0	454437.0	188.0	8370.0	93.0	94.0	38.0	47.0	28.0	63.0	33.0	65.0	24.0	232.00.0	0.0	0.0	0.0	7.0	0.0	5.0	4.0	0.0
rev	5p	-	46	125881.0	82719.0	75315.0	136993.0	420908.0	224.0	7720.0	73.0	92.0	46.0	68.0	19.0	61.0	39.0	61.0	21.0	279.00.0	0.0	0.0	0.0	15.0	0.0	3.0	5.0	0.0
rev	5p	-	47	116949.0	76184.0	69583.0	126760.0	389476.0	218.0	7008.0	95.0	58.0	40.0	55.0	27.0	60.0	40.0	50.0	42.0	192.00.0	0.0	0.0	0.0	12.0	0.0	4.0	6.0	0.0
rev	5p	-	48	107926.0	71078.0	64988.0	116141.0	360133.0	208.0	6587.0	74.0	60.0	40.0	65.0	41.0	69.0	56.0	70.0	20.0	210.00.0	0.0	0.0	0.0	19.0	0.0	1.0	3.0	0.0
rev	5p	-	49	99657.0	65908.0	59225.0	108352.0	333142.0	235.0	6094.0	94.0	70.0	35.0	70.0	34.0	78.0	59.0	77.0	32.0	247.00.0	0.0	0.0	0.0	7.0	0.0	0.0	1.0	0.0
rev	5p	-	50	91692.0	60897.0	54431.0	100529.0	307549.0	228.0	5666.0	89.0	65.0	87.0	81.0	35.0	100.0	65.0	131.0	32.0	180.00.0	0.0	0.0	0.0	7.0	0.0	3.0	1.0	0.0
rev	5p	-	51	84207.0	55392.0	50493.0	93016.0	283108.0	242.0	5162.0	104.0	76.0	50.0	98.0	45.0	104.0	66.0	94.0	50.0	195.00.0	0.0	0.0	0.0	4.0	0.0	2.0	1.0	0.0
rev	5p	-	52	69761.0	46853.0	41846.0	77924.0	236384.0	31.0	4689.0	50.0	43.0	67.0	149.0	27.0	72.0	50.0	20.0	15.0	170.00.0	0.0	0.0	0.0	5.0	0.0	2.0	0.0	0.0
rev	5p	-	53	64292.0	42871.0	38730.0	70913.0	216806.0	42.0	4308.0	42.0	34.0	88.0	116.0	17.0	64.0	55.0	22.0	11.0	141.00.0	0.0	0.0	0.0	9.0	0.0	0.0	0.0	0.0
rev	5p	-	54	59196.0	39519.0	35409.0	64573.0	198697.0	38.0	3964.0	54.0	39.0	72.0	125.0	22.0	49.0	45.0	22.0	9.0	151.00.0	0.0	0.0	0.0	3.0	0.0	0.0	0.0	0.0
rev	5p	-	55	53836.0	36341.0	32103.0	60093.0	182373.0	33.0	3486.0	35.0	37.0	73.0	116.0	11.0	46.0	51.0	19.0	10.0	133.00.0	0.0	0.0	0.0	2.0	0.0	0.0	0.0	0.0
rev	5p	-	56	49440.0	33113.0	29687.0	54868.0	167108.0	31.0	3180.0	22.0	37.0	45.0	92.0	15.0	49.0	46.0	20.0	14.0	104.00.0	0.0	0.0	0.0	6.0	0.0	1.0	0.0	0.0
rev	5p	-	57	45481.0	30341.0	27088.0	50424.0	153334.0	26.0	3061.0	30.0	26.0	54.0	97.0	22.0	37.0	33.0	17.0	8.0	111.00.0	0.0	0.0	0.0	4.0	0.0	0.0	0.0	0.0
rev	5p	-	58	41421.0	27885.0	24942.0	46329.0	140577.0	33.0	2779.0	30.0	34.0	43.0	73.0	12.0	29.0	22.0	19.0	3.0	90.00.0	0.0	0.0	0.0	2.0	0.0	0.0	0.0	0.0
rev	5p	-	59	37971.0	25521.0	22849.0	42415.0	128756.0	23.0	2412.0	27.0	25.0	54.0	67.0	12.0	36.0	26.0	15.0	4.0	82.00.0	0.0	0.0	0.0	2.0	0.0	1.0	0.0	0.0
rev	5p	-	60	34901.0	23303.0	20966.0	38545.0	117715.0	20.0	2330.0	25.0	31.0	42.0	55.0	9.0	38.0	20.0	8.0	5.0	80.00.0	0.0	0.0	0.0	2.0	0.0	0.0	0.0	0.0
rev	5p	-	61	31710.0	21564.0	19202.0	35215.0	107691.0	19.0	2136.0	18.0	17.0	42.0	41.0	12.0	24.0	26.0	15.0	8.0	72.00.0	0.0	0.0	0.0	5.0	0.0	1.0	0.0	0.0
rev	5p	-	62	29309.0	19578.0	17397.0	32373.0	98657.0	16.0	1902.0	21.0	18.0	38.0	45.0	12.0	22.0	26.0	5.0	4.0	85.00.0	0.0	0.0	0.0	2.0	0.0	0.0	0.0	0.0
rev	5p	-	63	26963.0	17858.0	16009.0	29559.0	90389.0	22.0	1803.0	18.0	20.0	29.0	53.0	4.0	23.0	19.0	9.0	6.0	66.00.0	0.0	0.0	0.0	2.0	0.0	0.0	0.0	0.0
rev	5p	-	64	24352.0	16672.0	14720.0	26919.0	82663.0	25.0	1756.0	15.0	17.0	28.0	40.0	9.0	15.0	23.0	12.0	4.0	50.00.0	0.0	0.0	0.0	4.0	0.0	0.0	0.0	0.0
rev	5p	-	65	22225.0	14949.0	13468.0	24601.0	75243.0	9.0	1629.0	15.0	16.0	22.0	38.0	4.0	18.0	14.0	13.0	7.0	61.00.0	0.0	0.0	0.0	7.0	0.0	0.0	0.0	0.0
rev	5p	-	66	20075.0	13747.0	12087.0	22572.0	68481.0	11.0	1443.0	11.0	9.0	19.0	29.0	8.0	14.0	22.0	8.0	3.0	53.00.0	0.0	0.0	0.0	3.0	0.0	0.0	0.0	0.0
rev	5p	-	67	18358.0	12368.0	11212.0	20427.0	62365.0	5.0	1361.0	11.0	16.0	12.0	33.0	4.0	12.0	7.0	5.0	2.0	38.00.0	0.0	0.0	0.0	2.0	0.0	1.0	0.0	0.0
rev	5p	-	68	16773.0	11263.0	10181.0	18550.0	56767.0	8.0	1225.0	11.0	12.0	20.0	25.0	2.0	9.0	13.0	6.0	5.0	40.00.0	0.0	0.0	0.0	1.0	0.0	0.0	0.0	0.0
rev	5p	-	69	15202.0	10239.0	9207.0	16989.0	51637.0	12.0	1094.0	8.0	9.0	16.0	24.0	4.0	6.0	14.0	4.0	3.0	36.00.0	0.0	0.0	0.0	2.0	0.0	0.0	0.0	0.0
rev	5p	-	70	13743.0	9286.0	8203.0	15540.0	46772.0	7.0	1002.0	8.0	9.0	14.0	25.0	3.0	6.0	14.0	5.0	2.0	39.00.0	0.0	0.0	0.0	2.0	0.0	1.0	1.0	0.0
rev	5p	-	71	12511.0	8377.0	7691.0	13797.0	42376.0	6.0	916.0	10.0	8.0	17.0	17.0	3.0	7.0	10.0	5.0	4.0	21.00.0	0.0	0.0	0.0	1.0	0.0	0.0	0.0	0.0
rev	5p	-	72	11316.0	7509.0	6981.0	12435.0	38241.0	5.0	778.0	11.0	4.0	8.0	21.0	0.0	12.0	9.0	2.0	5.0	28.00.0	0.0	0.0	0.0	2.0	0.0	0.0	0.0	0.0
rev	5p	-	73	10190.0	6874.0	6032.0	11470.0	34566.0	9.0	747.0	8.0	9.0	14.0	13.0	2.0	10.0	6.0	7.0	2.0	27.00.0	0.0	0.0	0.0	2.0	0.0	0.0	0.0	0.0
rev	5p	-	74	9065.0	6204.0	5599.0	10269.0	31137.0	6.0	741.0	7.0	4.0	14.0	12.0	1.0	9.0	6.0	2.0	3.0	26.00.0	0.0	0.0	0.0	0.0	0.0	0.0	0.0	0.0
rev	5p	-	75	8247.0	5595.0	4941.0	9120.0	27903.0	6.0	606.0	2.0	4.0	7.0	18.0	3.0	10.0	8.0	5.0	0.0	16.00.0	0.0	0.0	0.0	0.0	0.0	0.0	0.0	0.0
rev	5p	-	76	7351.0	4916.0	4464.0	8296.0	25027.0	4.0	541.0	6.0	6.0	5.0	10.0	2.0	8.0	4.0	3.0	3.0	11.00.0	0.0	0.0	0.0	2.0	0.0	0.0	0.0	0.0
rev	5p	-	77	6481.0	4400.0	3966.0	7473.0	22320.0	4.0	511.0	5.0	3.0	7.0	12.0	4.0	3.0	9.0	2.0	2.0	14.00.0	0.0	0.0	0.0	1.0	0.0	0.0	0.0	0.0
rev	5p	-	78	5967.0	3878.0	3535.0	6435.0	19815.0	5.0	462.0	5.0	5.0	1.0	10.0	0.0	5.0	8.0	3.0	2.0	13.00.0	0.0	0.0	0.0	1.0	0.0	0.0	0.0	0.0
rev	5p	-	79	5198.0	3496.0	3036.0	5804.0	17534.0	2.0	414.0	6.0	0.0	5.0	8.0	4.0	3.0	7.0	1.0	0.0	11.00.0	0.0	0.0	0.0	1.0	0.0	0.0	0.0	0.0
rev	5p	-	80	4588.0	2992.0	2774.0	5018.0	15372.0	2.0	375.0	4.0	2.0	5.0	8.0	1.0	2.0	3.0	2.0	1.0	9.00.0	0.0	0.0	0.0	0.0	0.0	1.0	0.0	0.0
rev	5p	-	81	3957.0	2704.0	2377.0	4387.0	13425.0	4.0	341.0	1.0	2.0	7.0	8.0	3.0	4.0	6.0	1.0	0.0	4.00.0	0.0	0.0	0.0	0.0	0.0	0.0	0.0	0.0
rev	5p	-	82	3437.0	2305.0	2106.0	3848.0	11696.0	4.0	280.0	0.0	1.0	2.0	2.0	1.0	1.0	5.0	0.0	0.0	10.00.0	0.0	0.0	0.0	0.0	0.0	0.0	0.0	0.0
rev	5p	-	83	3007.0	1908.0	1852.0	3288.0	10055.0	1.0	260.0	3.0	3.0	1.0	7.0	0.0	2.0	3.0	0.0	1.0	7.00.0	0.0	0.0	0.0	0.0	0.0	0.0	0.0	0.0
rev	5p	-	84	2540.0	1749.0	1485.0	2775.0	8549.0	0.0	263.0	0.0	1.0	0.0	3.0	0.0	1.0	3.0	0.0	0.0	10.00.0	0.0	0.0	0.0	0.0	0.0	0.0	0.0	0.0
rev	5p	-	85	2119.0	1424.0	1240.0	2302.0	7085.0	0.0	204.0	1.0	2.0	0.0	2.0	0.0	2.0	4.0	2.0	0.0	11.00.0	0.0	0.0	0.0	0.0	0.0	0.0	0.0	0.0
rev	5p	-	86	1727.0	1187.0	1026.0	1918.0	5858.0	0.0	189.0	1.0	3.0	1.0	4.0	1.0	0.0	0.0	1.0	0.0	4.00.0	0.0	0.0	0.0	0.0	0.0	0.0	0.0	0.0
rev	5p	-	87	1377.0	964.0	805.0	1556.0	4702.0	1.0	156.0	1.0	0.0	0.0	1.0	0.0	0.0	2.0	1.0	0.0	1.00.0	0.0	0.0	0.0	0.0	0.0	0.0	0.0	0.0
rev	5p	-	88	1068.0	743.0	594.0	1193.0	3598.0	1.0	149.0	1.0	2.0	2.0	2.0	0.0	0.0	1.0	0.0	1.0	2.00.0	0.0	0.0	0.0	0.0	0.0	0.0	0.0	0.0
rev	5p	-	89	705.0	520.0	405.0	921.0	2551.0	2.0	121.0	0.0	2.0	1.0	1.0	0.0	0.0	0.0	2.0	0.0	2.00.0	0.0	0.0	0.0	0.0	0.0	0.0	0.0	0.0
rev	5p	-	90	454.0	348.0	254.0	557.0	1613.0	0.0	88.0	2.0	1.0	1.0	0.0	0.0	1.0	1.0	0.0	0.0	1.00.0	0.0	0.0	0.0	0.0	0.0	0.0	0.0	0.0
rev	5p	-	91	175.0	176.0	75.0	331.0	757.0	0.0	51.0	1.0	0.0	0.0	1.0	0.0	0.0	0.0	0.0	0.0	0.00.0	0.0	0.0	0.0	0.0	0.0	0.0	0.0	0.0
rev	5p	-	92	0.0	0.0	0.0	0.0	0.0	0.0	0.0	0.0	0.0	0.0	0.0	0.0	0.0	0.0	0.0	0.0	0.00.0	0.0	0.0	0.0	0.0	0.0	0.0	0.0	0.0
rev	5p	-	93	0.0	0.0	0.0	0.0	0.0	0.0	0.0	0.0	0.0	0.0	0.0	0.0	0.0	0.0	0.0	0.0	0.00.0	0.0	0.0	0.0	0.0	0.0	0.0	0.0	0.0
rev	5p	-	94	0.0	0.0	0.0	0.0	0.0	0.0	0.0	0.0	0.0	0.0	0.0	0.0	0.0	0.0	0.0	0.0	0.00.0	0.0	0.0	0.0	0.0	0.0	0.0	0.0	0.0
rev	5p	-	95	0.0	0.0	0.0	0.0	0.0	0.0	0.0	0.0	0.0	0.0	0.0	0.0	0.0	0.0	0.0	0.0	0.00.0	0.0	0.0	0.0	0.0	0.0	0.0	0.0	0.0
rev	5p	-	96	0.0	0.0	0.0	0.0	0.0	0.0	0.0	0.0	0.0	0.0	0.0	0.0	0.0	0.0	0.0	0.0	0.00.0	0.0	0.0	0.0	0.0	0.0	0.0	0.0	0.0
rev	5p	-	97	0.0	0.0	0.0	0.0	0.0	0.0	0.0	0.0	0.0	0.0	0.0	0.0	0.0	0.0	0.0	0.0	0.00.0	0.0	0.0	0.0	0.0	0.0	0.0	0.0	0.0
rev	5p	-	98	0.0	0.0	0.0	0.0	0.0	0.0	0.0	0.0	0.0	0.0	0.0	0.0	0.0	0.0	0.0	0.0	0.00.0	0.0	0.0	0.0	0.0	0.0	0.0	0.0	0.0
rev	5p	-	99	0.0	0.0	0.0	0.0	0.0	0.0	0.0	0.0	0.0	0.0	0.0	0.0	0.0	0.0	0.0	0.0	0.00.0	0.0	0.0	0.0	0.0	0.0	0.0	0.0	0.0
rev	5p	-	100	0.0	0.0	0.0	0.0	0.0	0.0	0.0	0.0	0.0	0.0	0.0	0.0	0.0	0.0	0.0	0.0	0.00.0	0.0	0.0	0.0	0.0	0.0	0.0	0.0	0.0
